	Mir-1277	Mir-574	Mir-544	Mir-672	Mir-375	Mir-483	Mir-23	Mir-506	Mir-1911	Mir-197	Mir-187	Mir-325	Mir-137	Mir-361	Mir-95	Mir-1271	Mir-486	Mir-430	Mir-33	Mir-769	Mir-345	Mir-92	Mir-320	Mir-202	Mir-122	Mir-493	Mir-874	Mir-340	Mir-154	Mir-504	Mir-15	Mir-219	Mir-877	Mir-3613	Mir-149	Mir-194	Mir-186	Mir-7180	Mir-28	Mir-203	Mir-139	Mir-652	Mir-29	Mir-875	Mir-590	Mir-1	Mir-455	Mir-326	Mir-378	Mir-346	Mir-140	Mir-96	Mir-489	Mir-1249	Mir-105	Mir-376	Mir-147	Let-7	Mir-374	Mir-450	Mir-7	Mir-339	Mir-671	Mir-34	Mir-9	Mir-193	Mir-143	Mir-145	Mir-1912	Mir-223	Mir-205	Mir-192	Mir-221	Mir-216	Mir-1388	Mir-1298	Mir-146	Mir-190	Mir-24	Mir-135	Mir-103	Mir-199	Mir-1842	Mir-598	Mir-130	Mir-204	Mir-448	Mir-350	Mir-9851	Mir-362	Mir-499	Mir-488	Mir-8	Mir-328	Mir-129	Mir-224	Mir-181	Mir-3059	Mir-148	Mir-214	Mir-2114	Mir-452	Mir-1296	Mir-144	Mir-432	Mir-337	Mir-2483	Mir-1343	Mir-208	Mir-210	Mir-188	Mir-27	Mir-101	Mir-296	Mir-551	Mir-653	Mir-670	Mir-142	Mir-1329	Mir-1379	Mir-217	Mir-196	Mir-1251	Mir-150	Mir-184	Mir-10	Mir-218	Mir-330	Mir-433	Mir-132	Mir-885	Mir-676	Mir-32	Mir-384	Mir-26	Mir-17	Mir-134	Mir-582	Mir-30	Mir-675	Mir-541	Mir-1247	Mir-31	Mir-331	Mir-338	Mir-2355	Mir-155	Mir-425	Mir-6529	Mir-491	Mir-22	Mir-1301	Mir-153	Mir-383	Mir-615	Mir-459	Mir-873	Mir-324	Mir-599	Mir-21	Mir-505	Mir-185	Mir-342	Mir-133	Mir-136	Mir-124	Mir-628	Mir-592	Mir-760	Mir-3085	Mir-490	Mir-1306	Mir-191	Mir-126	Mir-19	Mir-335	Mir-138	Mir-451	Mir-744	Mir-876	Mir-6715	Mir-423	Mir-935	Mir-1307	Mir-128	Mir-542	Mir-431	Mir-127
eleMax	4276	412	1937	287	1	22	3	36	2	3	2	39	2	2	60	47	3	12	5	6	5	6	5	1	3	14	1	19	35	1	13	5	4	9	2	5	4	1	7	3	2	8	5	2	5	5	1	2	1	1	1	5	2	2	0	5	3	15	2	3	4	2	3	7	6	6	1	2	3	2	1	3	2	2	2	1	4	3	3	3	4	3	0	2	5	3	1	1	1	8	4	1	7	1	2	1	6	2	3	1	2	1	1	2	1	1	2	3	2	2	6	4	2	1	2	1	1	1	2	0	2	5	2	2	2	8	3	1	1	3	1	1	1	1	3	8	1	1	6	1	1	1	1	1	1	1	1	1	1	1	1	1	2	1	1	3	1	1	3	1	1	1	1	3	1	3	1	1	1	1	1	1	1	1	3	1	2	0	1	1	1	1	1	1	2	1	1	1
cisSea	6678	399	614	320	1	85	4	45	1	8	1	29	2	1	46	28	5	9	4	18	3	6	11	1	3	10	2	13	30	1	7	3	4	4	3	4	2	0	6	2	1	1	4	3	2	10	1	2	1	2	1	5	4	2	3	6	1	12	0	2	4	4	1	4	4	6	1	1	1	2	1	3	2	3	3	1	3	3	2	4	4	3	2	1	6	2	1	0	0	6	2	3	5	1	4	1	8	1	3	1	1	2	1	1	1	1	2	2	2	1	3	2	2	0	1	0	1	2	0	0	1	3	1	1	1	8	2	3	1	2	1	2	2	0	4	8	1	1	6	0	1	1	1	1	1	1	1	1	1	1	2	0	3	2	1	1	2	1	1	1	1	1	1	3	1	4	1	1	1	1	1	1	1	2	4	1	2	0	1	1	1	1	1	1	2	1	1	1
craTho	5020	1358	761	634	1	23	2	4	0	4	3	114	17	2	29	34	6	12	4	3	3	6	15	2	1	9	1	11	32	1	9	4	3	1	1	2	2	0	7	1	1	1	9	4	1	5	2	1	1	2	1	4	0	3	3	4	5	13	3	3	3	3	1	5	3	4	1	3	1	4	1	2	3	3	1	5	4	3	2	3	3	3	1	1	5	2	2	1	0	7	1	6	5	1	2	2	8	1	4	1	1	1	1	1	1	1	2	2	2	1	4	3	2	0	1	0	1	2	1	1	2	4	1	1	1	8	2	1	1	2	2	0	1	0	3	9	1	1	6	0	1	1	1	1	1	2	2	1	1	1	2	1	2	1	1	1	1	1	1	1	1	2	1	3	1	3	2	1	1	1	1	1	1	1	5	1	3	0	2	1	1	1	1	1	2	1	1	1
bosTau	3527	601	827	256	1	25	2	14	1	7	1	22	1	2	31	21	7	9	6	4	3	7	4	3	2	10	1	15	34	2	9	3	5	2	1	2	24	1	5	1	1	2	7	2	1	4	3	1	1	5	1	5	7	2	3	7	4	13	2	3	6	3	1	6	5	8	3	3	1	2	1	3	2	2	1	1	4	4	3	3	6	3	1	1	5	3	2	1	1	6	1	1	6	1	3	2	6	1	3	4	1	1	2	1	1	0	1	2	2	1	4	2	2	1	2	1	1	1	1	1	1	5	1	1	1	8	2	1	1	2	1	1	1	0	3	8	1	1	6	1	1	1	1	1	1	1	1	1	1	1	1	1	2	2	1	1	1	1	1	1	2	1	1	3	2	3	2	1	1	1	1	1	1	1	3	1	2	0	1	1	1	1	1	1	2	1	1	1
equAsi	1795	264	2327	149	1	44	2	39	1	3	2	45	1	2	69	54	18	8	3	3	3	6	2	2	1	13	1	14	36	1	8	2	5	2	1	2	2	2	4	1	2	10	5	1	1	3	2	2	1	3	1	4	1	1	5	5	6	12	2	2	3	4	1	7	3	4	3	2	1	2	1	2	3	3	1	1	3	2	2	3	4	3	2	1	6	3	1	1	1	6	1	1	5	1	2	1	6	2	4	1	1	0	2	2	2	1	1	2	2	1	4	2	2	1	2	2	2	1	1	2	2	4	1	1	2	8	2	2	1	2	3	1	2	1	3	8	1	1	6	1	1	1	1	1	1	1	1	1	2	1	2	2	3	1	1	2	1	1	1	1	1	1	1	4	1	3	1	1	1	2	1	1	1	1	3	1	2	0	1	1	1	1	1	1	2	1	1	1
manPen	2636	624	1173	320	1	17	3	51	1	4	1	31	1	3	46	34	2	8	2	4	1	6	4	2	1	14	1	12	34	1	9	4	4	1	1	2	3	0	4	1	1	4	4	2	1	4	1	1	1	1	1	8	1	1	3	4	2	12	2	3	4	2	1	7	3	4	1	2	1	1	1	3	2	2	1	1	2	2	4	4	3	3	2	0	5	3	1	1	0	7	2	1	5	1	3	0	7	1	3	1	1	0	1	1	1	1	1	3	2	1	4	2	2	1	2	1	1	1	1	1	2	4	1	2	1	6	2	1	1	2	1	1	1	0	3	8	1	1	6	1	1	1	1	1	1	2	1	1	1	1	1	2	2	1	1	1	1	1	1	1	1	1	1	3	1	3	1	1	1	1	2	1	1	1	3	1	2	0	1	1	1	2	1	1	2	1	1	1
neoVis	5097	1171	810	267	1	54	268	15	1	8	1	17	1	3	34	24	41	10	3	3	3	7	8	3	3	7	1	12	33	1	9	4	6	5	1	2	2	1	4	2	1	4	5	2	2	6	1	3	2	1	1	5	1	1	3	5	4	12	2	5	5	3	1	8	3	6	1	5	1	2	2	5	2	2	2	2	2	2	5	3	4	3	2	0	5	3	1	1	0	7	2	1	6	1	2	1	8	1	3	3	1	2	1	1	2	0	2	2	2	1	3	2	2	1	4	2	1	3	0	0	2	5	1	1	1	8	2	1	1	2	2	1	1	1	3	8	1	1	6	0	1	1	1	2	1	1	1	1	1	1	1	0	2	1	1	2	1	1	1	2	1	1	1	4	1	3	3	1	1	1	1	1	2	1	3	1	2	0	1	1	1	1	1	1	2	1	1	1
sorFum	5228	1155	63	133	1	73	2	4	1	29	1	3	1	1	13	9	2	11	5	2	4	7	3	1	1	4	2	10	24	4	9	2	9	6	3	3	1	2	3	1	2	1	4	4	0	6	3	0	2	3	1	5	3	5	2	4	4	17	3	1	5	3	1	6	4	4	1	1	0	1	2	2	2	4	2	1	4	4	2	6	3	2	0	0	4	2	2	0	1	6	1	1	6	1	2	2	6	1	3	2	0	0	1	1	1	1	1	1	2	1	3	2	2	2	2	1	0	1	2	0	1	3	1	1	0	8	2	1	3	3	0	0	1	0	4	8	1	2	6	0	1	1	1	2	1	1	2	2	1	1	1	1	1	1	1	2	1	1	1	1	1	1	1	3	1	3	1	1	1	1	1	1	1	1	3	1	2	1	0	1	1	1	1	0	2	0	1	1
rhyNas	2482	868	638	343	1	35	3	10	1	5	1	29	1	2	26	21	2	7	3	2	2	8	11	1	3	8	1	14	31	1	8	2	5	6	6	3	1	1	6	1	3	3	5	4	2	4	2	2	1	2	1	5	1	1	0	5	2	12	3	3	3	2	1	5	3	5	3	3	3	2	1	2	2	2	1	1	4	2	3	4	4	4	2	2	6	2	1	0	0	6	1	1	8	1	2	0	7	1	4	3	0	1	1	1	1	2	2	1	2	1	3	3	2	1	2	0	1	1	1	1	1	3	1	1	1	8	2	1	1	3	2	1	1	1	3	8	1	1	6	0	1	1	1	1	1	1	1	1	1	1	1	1	2	2	1	1	1	1	1	2	1	1	1	3	1	3	1	1	1	1	1	1	1	1	3	1	2	0	1	1	1	1	1	1	2	1	1	1
homSap	12901	995	1627	688	1	51	3	30	1	1	3	42	10	2	58	45	1	52	4	2	3	7	18	3	2	21	1	16	33	1	8	9	15	4	1	3	1	0	9	2	2	6	4	2	1	7	1	1	1	1	1	5	5	2	7	12	3	14	2	4	4	4	1	6	5	4	3	2	3	2	2	2	2	9	0	1	2	3	3	3	3	3	0	2	5	4	1	1	2	8	2	1	5	1	3	1	8	1	6	3	1	1	1	4	1	1	2	3	2	2	3	3	2	1	2	1	2	2	1	1	2	3	1	1	1	8	2	1	1	2	1	1	1	1	4	11	1	1	6	3	1	1	1	1	1	1	1	1	1	1	3	1	3	2	1	1	1	1	1	1	1	1	1	3	1	4	1	1	1	1	1	1	1	1	3	1	2	0	1	1	1	1	1	1	2	1	1	1
antPal	4062	2001	514	562	1	73	3	9	2	12	14	18	1	1	25	19	9	9	4	1	26	5	8	2	2	8	1	9	31	1	8	3	6	4	2	2	2	5	4	5	3	2	7	2	2	4	5	1	1	2	1	6	4	3	5	4	2	12	0	4	4	5	1	4	5	6	3	2	2	1	1	2	2	2	1	1	4	6	3	4	3	4	3	2	5	3	2	2	1	6	2	1	5	3	3	1	6	1	3	1	0	1	2	3	1	1	1	2	3	2	3	2	2	1	2	0	1	1	0	0	1	3	1	1	1	8	3	1	2	2	1	1	1	1	3	7	1	2	6	0	0	1	2	1	1	1	1	1	1	1	2	1	2	1	2	1	1	1	1	1	1	2	1	4	1	4	1	1	1	1	1	1	1	1	3	1	3	0	1	1	1	1	1	1	2	1	1	1
artInt	2700	340	710	178	1	35	3	8	0	7	1	35	3	1	40	25	4	8	5	2	2	6	7	5	3	10	2	6	32	2	8	2	4	1	2	5	1	0	4	1	2	2	4	4	1	4	1	1	1	2	1	6	1	2	3	4	2	13	1	3	5	2	1	5	3	5	1	3	1	2	2	3	2	2	2	0	2	2	3	4	5	3	1	2	4	4	0	2	0	5	2	1	5	1	3	1	8	1	3	2	1	0	1	1	1	2	0	1	2	1	3	3	2	0	3	0	1	1	1	2	1	4	1	2	1	8	3	1	1	2	1	1	1	2	4	9	0	1	7	0	1	1	1	1	2	2	1	1	1	0	1	1	2	1	2	1	2	1	1	1	1	1	1	3	1	3	1	1	1	1	1	1	1	1	3	1	2	1	1	1	1	1	1	1	2	1	1	1
artLit	2772	346	702	172	1	36	4	10	0	5	1	30	2	1	46	27	4	8	6	2	2	6	5	5	3	6	2	7	31	2	8	2	4	1	2	4	1	1	3	1	1	3	4	3	2	3	1	1	1	2	1	6	0	2	2	4	1	13	1	3	5	2	1	5	3	5	1	3	1	2	2	3	2	2	3	0	2	2	3	3	5	3	1	2	4	4	0	2	0	5	2	1	5	1	3	1	9	1	3	2	1	0	1	1	1	2	0	1	2	1	3	3	2	0	3	0	1	1	1	2	1	3	1	1	1	8	3	1	1	2	1	2	1	2	4	9	0	1	7	0	1	1	1	1	3	2	1	1	1	0	1	1	2	1	2	1	2	1	1	1	1	1	1	3	1	3	1	1	1	1	1	1	1	1	3	2	2	1	1	1	1	1	1	1	2	1	1	1
aseSto	2718	1078	1149	225	1	28	3	11	1	6	1	45	1	1	58	47	3	9	65	2	1	7	5	4	2	15	1	19	36	1	8	3	7	5	1	2	2	2	5	1	1	3	4	2	1	3	3	1	1	1	2	3	1	3	4	7	5	12	2	3	5	2	1	6	5	6	1	1	2	3	1	3	2	2	2	3	2	2	2	3	4	3	1	3	5	2	0	1	1	5	2	1	5	1	2	1	7	3	3	1	1	1	1	1	1	1	0	3	2	1	4	3	2	0	2	1	1	1	0	1	1	3	2	1	1	7	3	1	2	2	2	1	1	1	5	8	2	1	6	1	1	1	1	1	1	2	1	1	1	1	1	1	2	1	1	1	1	1	1	2	1	1	1	3	1	3	1	1	1	1	1	1	1	1	3	1	2	0	1	1	1	1	1	1	2	1	1	1
braCav	2312	285	931	189	1	35	4	9	0	5	3	37	1	1	40	28	2	10	4	1	1	7	5	2	2	8	1	8	30	1	8	3	3	1	4	4	1	0	4	2	1	3	4	1	1	5	1	1	1	1	1	3	2	1	2	4	2	12	1	3	6	3	1	5	4	5	1	1	1	2	3	2	2	3	3	1	3	2	4	4	4	3	1	2	4	4	0	3	0	5	1	1	6	1	2	1	6	1	3	1	1	1	1	1	1	1	2	1	3	1	3	2	2	0	2	0	1	1	1	1	1	3	2	1	1	8	2	1	1	2	1	1	1	1	4	9	0	1	7	0	0	1	1	1	1	2	2	1	1	1	1	1	2	1	2	1	2	2	1	1	1	1	1	3	1	3	1	1	1	2	1	1	1	1	3	1	2	1	1	1	1	1	1	1	2	1	1	1
carPer	2282	334	763	101	1	29	2	9	1	3	2	25	1	1	31	25	2	9	3	2	2	6	6	2	2	8	2	11	29	1	9	2	5	1	1	2	2	0	5	1	2	1	4	3	1	5	1	1	1	1	2	4	1	1	3	6	1	12	0	3	5	3	1	5	6	6	1	1	0	2	1	2	3	3	1	2	2	2	4	3	4	3	1	2	5	2	1	2	0	5	3	2	6	2	3	1	6	2	4	1	1	1	1	2	1	1	1	2	3	1	3	2	2	0	2	1	2	1	1	1	1	3	1	1	2	9	3	1	1	3	1	1	1	1	3	9	1	1	7	0	1	1	1	1	2	2	1	1	1	0	1	1	2	1	1	1	2	1	1	1	1	1	1	3	1	3	1	1	1	1	2	1	2	1	3	1	2	0	1	2	1	1	1	1	2	1	1	1
cenSen	2680	293	578	143	1	32	2	13	0	3	1	32	3	1	36	27	2	8	39	1	3	6	5	4	1	6	2	8	28	2	8	2	2	1	1	3	2	1	4	1	1	2	4	2	1	4	1	1	1	3	2	4	1	1	2	5	2	13	2	4	6	1	1	5	4	5	1	2	1	3	2	2	2	4	1	0	2	2	2	4	5	4	2	2	4	3	0	1	0	5	3	1	7	1	2	2	6	1	4	2	0	0	1	2	1	1	1	4	2	1	3	2	3	0	2	0	1	2	1	2	1	3	1	1	1	8	3	2	1	2	1	1	1	1	4	8	0	1	7	0	1	1	1	3	2	1	1	1	1	0	2	1	3	1	1	2	1	1	1	1	1	1	1	3	1	3	1	1	1	1	1	1	1	1	3	1	2	0	1	1	1	1	1	1	2	1	1	1
choMin	2957	674	745	243	1	26	4	65	1	2	11	27	1	1	35	25	2	7	5	3	4	8	8	2	2	10	2	6	29	1	8	2	5	2	1	2	2	1	5	2	2	2	4	3	1	5	2	2	2	2	1	4	0	2	4	4	2	13	0	3	4	3	1	5	6	7	1	2	1	2	1	2	2	3	2	1	3	2	3	3	4	4	1	2	5	3	0	1	0	5	1	1	6	2	2	1	6	1	3	1	2	1	1	2	1	2	0	1	2	1	3	3	2	0	2	0	2	1	1	1	1	4	1	1	1	8	3	4	1	2	1	1	1	2	5	8	0	1	7	0	1	1	1	1	1	1	1	1	1	0	1	1	2	1	1	1	2	1	1	1	1	2	1	3	2	3	2	1	1	1	1	1	1	1	3	2	2	0	1	1	1	1	1	1	2	1	1	1
corMex	4182	1464	740	703	1	70	5	12	1	26	11	38	1	2	33	33	6	9	6	3	28	7	11	2	5	8	1	10	31	3	11	5	7	4	2	3	1	5	5	9	8	3	8	3	3	8	2	6	2	1	1	9	2	2	1	5	2	13	1	5	5	4	2	4	7	5	1	3	2	2	5	4	2	2	1	2	3	5	3	3	3	3	2	1	5	2	1	1	1	6	2	1	8	1	6	2	7	2	3	1	0	3	1	1	1	3	1	2	3	4	3	2	4	1	2	1	1	3	0	0	2	4	3	1	1	8	2	1	1	3	1	2	1	1	3	10	2	4	6	0	0	1	2	1	3	2	1	1	2	0	1	2	2	2	1	1	1	2	1	1	1	1	1	4	1	3	2	1	1	1	1	1	1	1	3	2	2	0	1	1	2	2	1	1	2	1	1	1
corTow	4346	1517	730	718	1	70	6	11	1	28	13	38	1	2	34	34	6	9	4	2	26	8	12	2	5	8	1	10	31	3	10	6	4	4	4	2	2	3	4	8	5	4	10	3	4	9	2	6	1	2	1	8	1	2	1	6	5	13	1	6	5	3	1	4	6	5	1	2	2	2	5	4	2	2	1	2	3	2	4	3	3	3	2	1	5	2	1	1	1	6	2	1	6	2	5	2	7	1	4	1	1	3	1	1	2	3	1	2	3	2	3	2	4	0	2	1	1	3	0	0	1	4	1	1	1	8	2	1	1	3	2	3	1	1	3	8	1	1	6	1	0	1	2	1	2	1	1	1	2	0	1	2	2	2	1	1	1	2	1	1	1	2	1	3	2	3	2	1	1	1	1	1	1	1	3	2	2	0	1	1	1	2	1	1	2	1	1	1
cynSph	8286	1909	1159	736	1	31	3	23	1	3	2	31	2	3	41	35	1	44	4	87	3	7	4	3	2	9	1	16	30	1	8	3	8	5	3	2	3	1	4	1	1	4	4	2	1	4	2	1	1	2	1	3	1	1	3	5	4	13	2	3	3	3	5	7	3	7	1	1	0	2	1	2	2	3	1	0	2	3	3	4	4	3	1	2	7	2	1	0	1	6	1	1	6	1	3	1	5	2	3	2	1	1	1	2	1	1	1	2	2	2	3	2	2	1	1	1	2	1	2	1	1	3	1	1	1	8	2	2	1	2	1	2	1	1	3	9	1	1	6	0	1	0	1	2	1	2	3	1	1	1	1	1	2	1	1	1	1	1	1	1	1	1	1	3	1	3	1	1	1	1	3	1	1	1	3	1	2	0	1	1	1	1	1	1	2	1	1	1
desRot	2354	261	884	192	1	24	3	23	0	4	1	36	1	6	31	30	2	8	4	3	4	6	6	3	2	10	1	9	28	1	8	2	5	0	2	2	1	1	5	1	1	2	4	4	1	4	1	1	2	1	1	5	2	1	4	6	2	13	1	3	6	4	1	5	3	5	1	3	0	2	1	2	2	3	1	2	2	2	4	3	4	3	1	2	5	2	0	2	0	5	1	1	6	1	2	1	6	1	5	2	1	1	3	2	1	1	2	2	2	1	3	2	2	0	2	1	1	1	1	1	1	3	1	1	1	8	2	2	1	2	2	1	1	2	3	8	1	1	7	0	2	1	1	1	1	2	1	1	1	1	1	1	2	1	1	1	1	1	1	1	1	1	1	3	1	4	1	1	2	1	1	1	1	1	3	1	2	0	1	1	1	1	1	1	2	1	1	1
diaYou	2480	377	917	225	1	31	3	14	0	4	3	39	1	1	32	34	3	9	4	2	1	7	8	2	1	8	1	11	30	1	9	2	4	2	4	2	1	1	5	1	1	3	6	2	2	6	1	1	1	1	1	3	2	2	3	5	3	14	0	3	6	3	2	5	5	5	1	2	1	4	3	3	4	2	1	2	2	2	3	3	4	3	1	2	5	3	1	1	1	5	1	1	7	1	2	0	6	1	6	1	1	0	1	3	1	1	2	2	3	1	4	3	3	0	2	1	1	1	0	1	1	3	1	1	1	8	2	1	1	2	3	1	1	2	3	9	2	1	7	0	1	2	1	2	1	1	1	1	1	1	1	1	2	1	1	2	1	1	1	1	1	1	1	3	1	3	2	1	1	1	1	1	1	1	3	1	2	1	1	1	1	1	1	1	2	1	1	1
dipEca	1517	292	916	92	1	30	2	18	0	1	3	28	1	2	26	33	2	8	3	2	7	6	5	2	1	10	1	9	29	1	8	2	4	3	2	2	2	2	4	1	2	6	4	2	1	4	3	2	1	2	1	4	1	2	2	3	1	15	0	3	4	3	1	5	4	4	1	2	1	2	1	2	3	4	1	0	2	3	3	3	5	3	1	1	6	3	0	1	0	5	1	1	5	1	2	1	6	1	4	2	1	1	1	1	1	2	2	2	4	1	3	4	2	1	2	1	1	2	1	1	2	3	1	1	1	8	2	1	1	2	1	1	2	1	4	8	1	1	8	0	1	1	1	1	1	1	1	0	1	0	1	1	2	1	2	1	2	1	2	1	1	1	1	3	1	3	1	1	1	1	1	1	1	1	3	1	2	0	1	1	2	1	1	1	2	1	1	1
hipCyc	3606	1467	948	342	1	23	2	14	0	7	1	37	2	1	54	41	1	9	3	3	2	7	5	1	1	11	1	8	36	1	41	3	3	2	2	2	2	0	7	1	1	3	7	1	1	3	2	1	1	2	1	6	2	1	4	5	1	12	2	3	4	5	1	6	3	4	1	1	3	2	3	3	2	2	1	3	2	2	2	3	3	4	1	2	5	3	0	1	1	6	2	2	6	1	3	1	6	1	3	1	1	1	1	1	1	1	1	2	3	1	4	3	2	1	2	1	1	1	1	1	1	3	1	1	1	8	2	1	1	2	1	1	1	1	3	8	1	1	6	1	1	1	2	1	1	1	1	1	1	1	1	1	2	1	1	1	1	1	1	1	1	1	1	3	1	3	1	2	1	1	2	1	1	3	3	2	2	0	1	1	1	1	1	1	2	2	1	1
ectAlb	2609	381	667	223	1	37	3	8	1	10	3	39	3	1	38	23	3	13	6	1	2	7	4	4	2	8	1	9	28	1	8	2	5	4	2	3	1	0	4	2	2	2	4	3	3	4	2	1	1	2	1	7	1	1	3	6	1	13	2	5	9	2	1	6	4	5	1	1	3	4	2	2	2	2	2	1	2	3	4	3	5	5	1	2	4	3	0	1	0	6	2	1	6	2	3	2	7	1	3	2	0	0	1	3	2	1	1	2	4	2	4	3	3	1	1	0	1	1	1	1	1	5	1	1	1	8	3	1	1	2	1	1	1	1	4	8	0	2	7	0	1	1	2	1	3	1	2	0	2	1	2	1	2	1	1	1	1	2	3	1	1	1	1	4	1	3	1	1	1	1	1	1	1	1	3	1	2	1	1	1	1	1	1	1	2	1	1	1
eonSpe	16933	1821	1275	959	1	61	3	37	1	4	1	29	1	2	44	35	1	7	3	4	2	8	4	4	1	12	1	11	34	1	9	2	2	5	3	2	3	0	6	3	2	6	4	3	2	4	1	1	1	1	1	5	1	2	3	6	3	12	1	3	4	3	6	9	4	5	3	5	1	2	2	2	2	3	2	1	3	3	3	3	3	4	1	1	5	2	1	1	1	5	2	2	5	1	2	2	7	1	4	2	1	2	1	1	3	1	2	2	2	1	3	2	3	1	2	1	2	1	1	1	2	3	1	1	1	8	2	1	2	3	0	1	1	1	3	8	2	1	6	0	1	1	1	1	1	2	3	1	1	1	1	1	3	1	1	1	1	2	1	1	1	1	1	3	1	3	1	1	1	1	1	1	2	1	3	1	2	0	1	1	1	1	1	1	2	1	1	1
eptFus	4850	1491	810	577	1	113	5	11	1	83	22	31	91	4	36	37	8	10	3	2	20	7	5	7	1	8	1	13	33	3	8	20	5	4	4	2	1	3	8	9	4	3	8	2	1	6	3	2	1	4	1	6	1	3	5	6	2	11	2	6	4	3	1	5	3	7	1	2	2	2	2	2	3	2	1	1	4	3	3	6	3	5	3	2	5	2	2	1	1	6	1	1	5	1	4	3	7	2	3	2	1	1	2	1	1	2	1	3	3	1	4	2	3	0	1	0	1	2	0	0	1	3	1	2	1	8	2	1	2	3	1	1	2	2	3	8	1	4	6	0	0	4	3	1	1	1	2	0	1	1	1	1	2	1	1	1	1	1	1	2	0	1	1	3	1	4	1	1	1	1	1	2	1	1	3	1	2	0	1	1	1	1	1	1	2	1	1	1
eptNil	4067	1290	839	562	1	195	3	12	1	159	43	36	86	3	36	33	8	8	3	2	25	8	5	7	2	13	1	12	32	1	9	28	5	4	3	2	2	1	4	8	10	7	6	3	1	8	3	3	1	5	2	5	2	2	2	5	2	11	1	5	3	3	1	5	3	6	1	1	4	3	2	4	2	2	1	1	3	3	3	5	3	7	2	1	5	2	1	1	3	6	1	1	6	2	3	3	6	2	3	1	1	1	1	2	1	5	1	2	3	2	3	2	2	0	2	0	1	1	1	0	1	3	1	2	1	8	3	2	1	2	1	1	1	2	4	8	2	2	6	0	0	1	2	1	1	1	1	1	2	1	1	1	2	1	1	1	1	1	1	1	1	1	1	3	2	4	1	1	1	1	1	1	1	1	3	1	2	0	1	2	1	2	1	1	3	1	1	1
eroBom	2486	619	944	149	1	27	3	10	0	4	3	37	1	1	39	29	3	5	3	1	1	6	2	1	1	8	2	10	30	1	8	3	3	1	4	2	2	2	5	1	3	4	4	3	1	6	1	1	2	2	2	4	0	2	2	4	2	12	3	3	4	3	1	5	3	4	2	1	0	2	2	3	2	2	2	1	2	3	4	5	5	4	1	3	4	2	0	1	0	6	1	1	5	1	3	1	6	2	3	1	1	1	1	1	1	1	1	2	3	1	3	2	2	0	2	0	1	1	1	1	1	3	1	1	2	8	2	1	1	2	1	1	1	1	3	8	0	1	7	0	0	1	1	1	1	1	1	1	0	1	2	1	2	1	2	1	2	1	1	1	1	1	1	3	1	3	1	1	1	1	1	1	1	1	4	1	2	0	1	1	1	1	1	1	2	1	1	1
eumNan	4083	1237	839	454	1	37	2	6	1	7	2	36	1	1	30	28	2	8	6	2	3	6	2	2	1	9	1	7	28	1	8	2	7	4	3	3	3	1	4	1	2	2	4	4	2	3	5	1	2	1	7	3	3	2	4	5	4	13	1	3	5	4	1	5	4	5	1	1	3	2	2	2	3	2	1	0	2	2	2	3	3	3	1	1	4	3	0	2	0	6	2	1	5	2	2	1	6	2	3	1	0	0	1	1	1	1	2	2	2	1	3	4	2	0	2	1	1	3	1	1	1	3	1	2	1	8	2	1	2	2	1	1	1	1	3	9	2	2	6	0	1	1	1	1	1	1	1	1	3	1	1	3	2	1	1	1	1	1	1	1	1	2	1	3	1	3	2	1	1	1	1	1	1	1	3	1	2	0	1	1	1	1	1	1	2	1	1	1
furHor	1920	378	931	169	1	23	2	7	1	5	3	26	1	1	32	28	1	9	2	1	1	6	7	2	2	4	1	8	28	1	9	4	5	1	1	3	1	1	3	2	1	3	5	6	1	3	1	1	1	1	1	6	1	1	3	6	1	13	0	1	3	3	1	5	4	4	1	1	1	2	2	2	2	2	1	1	3	2	2	3	3	3	1	1	3	2	1	1	6	7	1	2	5	1	2	0	6	1	3	2	1	0	1	2	2	1	2	2	3	1	4	2	2	0	2	1	2	1	1	1	1	3	1	1	1	8	2	1	1	3	1	1	1	1	4	8	1	1	6	0	1	1	1	2	1	1	1	0	1	1	1	1	2	1	1	1	1	1	1	2	1	1	1	3	1	3	1	1	1	1	1	1	1	1	3	1	2	0	1	1	1	1	1	1	2	1	1	1
gloMut	2546	434	855	162	1	38	2	9	0	4	3	31	1	1	43	30	2	8	5	2	4	6	4	3	1	8	1	9	29	3	8	2	4	3	3	2	2	0	3	2	1	3	4	3	1	5	2	1	1	4	1	5	0	2	4	5	1	13	1	3	5	3	1	5	4	6	1	1	2	2	2	3	2	3	1	0	2	3	3	4	5	3	1	1	5	2	0	1	0	5	3	1	6	1	3	1	6	1	4	1	1	1	1	1	1	1	0	2	3	1	3	2	2	0	2	0	2	2	0	1	1	3	2	1	1	8	2	1	1	3	1	1	1	1	3	8	0	1	7	0	1	1	1	1	1	2	1	0	1	0	1	1	2	1	1	2	2	1	1	1	1	1	1	3	1	3	1	1	1	1	1	1	1	1	3	1	2	0	1	1	1	1	1	1	2	1	1	1
gloSor	2545	415	882	156	1	32	2	10	0	5	3	34	2	1	43	32	2	7	5	2	3	6	7	2	1	8	1	9	29	3	8	3	6	3	2	2	2	0	3	2	1	3	4	3	2	5	1	1	1	5	1	7	0	1	3	5	1	13	1	3	4	3	1	5	4	5	2	1	1	2	2	2	2	3	2	0	2	3	3	4	5	3	1	1	5	2	0	1	0	5	2	1	7	1	3	1	6	1	4	1	1	1	1	1	1	2	0	2	3	1	3	3	2	0	2	0	2	2	0	1	2	3	1	1	1	8	2	1	1	3	1	1	1	1	3	8	0	1	7	0	1	1	1	1	1	1	1	0	1	0	1	1	2	1	1	1	2	1	1	1	1	1	1	3	1	3	1	1	1	1	1	1	1	1	3	1	2	0	1	1	1	1	1	1	2	1	1	1
glyDav	2206	529	800	161	1	41	2	7	2	6	1	41	1	1	35	28	8	8	4	1	4	6	8	5	1	13	2	9	30	1	8	2	2	1	3	3	3	2	5	1	1	2	4	3	1	4	1	1	1	2	1	3	0	3	4	3	1	12	1	3	4	3	1	5	4	4	1	1	1	1	2	2	2	3	1	0	2	2	3	3	4	3	1	1	4	2	1	1	0	5	1	1	6	1	2	0	7	1	4	2	2	1	1	1	1	1	1	2	3	2	4	3	2	0	2	0	2	1	1	1	1	3	1	1	2	9	3	2	1	2	1	1	1	1	3	8	0	1	6	0	1	1	1	1	1	1	2	1	1	0	2	1	2	1	1	2	2	1	1	1	1	1	1	3	1	3	1	2	1	1	1	1	2	1	3	1	2	0	1	1	1	1	1	1	3	1	2	1
hipAba	4136	1330	1124	296	1	25	3	13	0	4	1	42	2	1	63	47	6	9	2	1	1	8	5	1	1	22	1	12	36	2	9	2	4	3	3	2	3	3	5	1	4	8	4	2	1	4	1	1	1	2	1	4	1	1	2	5	3	13	1	3	4	3	1	6	3	5	2	3	0	1	1	2	4	4	1	1	3	2	2	3	4	5	1	1	6	5	0	1	1	8	1	1	6	1	2	1	7	1	4	2	2	1	1	1	1	1	1	3	2	1	3	3	2	1	2	1	1	1	1	1	1	3	1	1	1	8	2	1	1	2	2	0	1	2	4	8	1	1	7	1	1	1	1	1	1	1	1	1	2	1	1	1	2	1	1	1	1	4	1	1	1	1	1	3	1	3	1	1	1	1	1	1	1	1	3	2	2	0	1	1	1	1	1	1	2	1	1	1
hipArm	5088	1522	1359	438	1	37	4	14	1	5	1	37	1	2	59	46	4	12	2	2	2	6	4	2	1	21	1	12	37	1	8	4	4	2	1	1	4	1	5	1	1	5	4	4	2	3	1	1	1	2	1	5	1	3	3	6	3	13	1	4	4	4	1	7	4	6	1	1	1	2	1	2	2	3	1	2	2	3	3	5	3	5	1	1	5	4	1	1	1	7	1	1	5	1	2	1	6	4	3	1	1	1	1	1	1	2	2	2	2	1	3	3	3	1	2	1	1	1	0	1	1	4	1	1	1	8	2	2	2	2	2	2	1	1	4	9	1	1	7	1	1	1	1	1	1	1	1	1	2	1	2	1	2	1	1	1	1	1	1	1	1	1	1	3	2	3	1	1	1	1	2	1	2	1	3	1	2	0	2	1	1	1	1	1	2	1	1	1
hipCaf	4133	1276	1099	301	1	47	3	61	0	7	1	39	1	1	54	45	7	11	2	1	1	8	3	1	1	19	1	12	36	2	8	3	4	3	3	2	2	2	4	1	3	6	4	2	1	3	1	1	1	2	1	4	1	3	2	7	2	13	2	3	5	3	1	7	4	5	2	1	1	3	1	4	3	3	1	1	3	2	2	3	4	6	1	2	6	5	0	1	1	7	2	1	7	1	2	1	6	2	4	2	1	1	1	1	1	1	2	3	2	1	4	3	2	1	2	1	1	1	1	1	1	3	1	1	1	8	2	1	1	2	2	1	1	2	4	8	1	1	6	1	1	1	1	1	1	1	1	1	1	1	1	1	2	1	1	1	1	1	1	1	1	1	1	3	1	3	1	1	1	1	1	1	1	0	3	2	2	0	1	1	1	1	1	1	2	1	1	1
hipJon	7621	2236	1180	753	1	34	3	12	0	7	1	46	2	1	46	40	5	8	2	2	3	7	5	4	3	17	1	14	36	2	8	2	5	2	1	2	4	3	5	1	1	3	4	3	1	3	1	1	1	2	1	4	1	1	4	5	4	12	2	4	3	4	1	6	3	4	1	2	3	2	1	3	2	2	1	2	2	2	3	3	3	5	1	4	6	3	0	1	1	6	1	1	5	2	2	1	6	1	5	1	1	1	1	1	1	1	1	2	2	1	3	2	2	1	2	1	2	1	0	1	1	3	1	1	1	8	2	1	1	2	2	1	2	1	4	8	1	1	6	1	1	1	1	2	1	1	1	1	2	1	1	1	2	1	1	1	1	1	2	1	1	1	1	3	1	3	1	1	1	1	1	1	1	1	3	2	2	1	1	1	1	1	1	1	2	1	1	1
hipLar	5226	1716	1378	427	1	24	4	18	1	5	1	39	1	2	48	46	3	13	2	1	3	6	4	1	1	19	1	13	36	1	8	3	5	2	1	2	3	2	6	1	2	7	4	3	1	4	2	1	1	4	1	5	1	1	2	5	2	13	1	4	5	5	1	7	3	5	1	1	2	2	1	3	2	4	1	2	3	2	3	4	3	6	1	1	5	4	1	1	1	7	1	1	5	1	3	1	6	3	3	1	1	1	1	1	1	2	2	3	2	1	3	2	3	1	2	1	1	1	0	1	1	4	1	1	1	8	2	1	1	2	2	2	1	1	4	8	1	1	7	1	1	1	1	1	1	1	1	1	1	1	2	1	3	2	1	1	1	1	1	1	1	1	1	3	3	3	1	1	1	1	1	1	2	1	3	1	2	0	2	1	1	1	1	1	2	1	1	1
hipSwi	5044	1537	1392	390	1	30	4	13	1	6	1	37	1	2	49	47	2	11	2	1	4	6	4	2	1	22	1	12	37	1	8	3	4	3	3	2	2	1	4	1	1	6	4	1	2	3	2	1	1	2	1	4	2	2	2	6	3	13	1	5	4	3	1	6	3	6	1	1	2	2	1	3	2	4	1	3	3	2	5	4	3	5	1	1	6	5	1	1	1	7	1	1	5	1	3	1	6	5	3	1	1	1	1	1	1	1	2	3	2	1	3	3	3	2	2	1	1	1	0	1	1	4	1	1	1	8	2	1	1	2	1	2	2	1	4	8	1	1	7	1	1	1	1	1	1	1	1	1	2	1	2	1	2	1	1	1	1	1	1	1	1	1	1	3	2	3	1	1	1	1	1	1	2	1	3	1	2	0	2	1	1	1	1	1	2	1	1	1
hypMon	7656	2034	1262	696	1	35	2	26	1	6	2	32	1	3	55	36	2	12	4	3	2	7	5	1	1	13	2	12	33	1	8	3	7	5	2	2	2	1	5	1	1	2	5	2	3	6	2	1	1	3	3	5	4	4	2	6	5	12	2	3	4	3	8	8	3	5	1	2	1	3	2	2	2	4	2	1	3	3	3	3	5	4	1	1	5	2	1	1	1	6	1	1	6	1	2	1	8	1	3	1	1	1	1	1	1	1	2	2	2	2	3	3	3	1	2	1	1	1	1	1	1	3	1	1	1	8	3	1	1	2	0	1	1	1	3	8	1	1	6	0	1	0	1	1	1	1	3	1	1	1	1	1	4	1	1	1	1	1	1	1	1	1	2	3	1	3	1	1	1	1	2	1	1	1	3	1	2	1	1	1	1	1	1	1	2	1	1	1
lasEga	4272	1400	543	421	1	84	2	12	1	18	9	25	2	2	23	22	3	10	6	7	13	8	5	4	3	10	3	7	28	2	9	7	9	3	2	2	2	3	5	6	3	1	17	1	1	7	6	1	1	3	1	4	0	3	3	4	1	11	2	5	3	3	1	4	3	7	5	1	4	2	2	3	2	2	1	1	2	3	3	6	3	5	2	3	4	2	1	1	1	6	3	1	6	2	5	1	6	1	4	2	1	1	3	1	1	1	1	2	2	2	3	3	2	0	1	2	1	1	0	0	1	4	1	1	1	8	2	3	1	1	2	1	2	1	4	8	1	1	7	0	0	1	1	1	1	1	1	1	1	1	1	1	2	1	1	2	1	1	1	1	1	1	1	4	1	3	1	1	1	1	2	1	1	1	3	1	2	0	1	1	2	1	1	1	2	1	1	1
lepYer	2953	336	955	183	1	33	2	9	0	5	1	36	1	1	36	35	2	6	4	2	3	6	7	1	2	11	2	14	31	3	8	3	3	4	1	2	2	1	3	1	2	4	5	2	2	4	1	1	1	1	2	5	0	1	2	4	2	12	0	3	3	3	1	5	4	7	1	2	0	4	1	2	2	2	1	0	2	3	3	4	4	3	1	1	5	3	0	0	0	5	1	1	5	1	2	1	6	1	4	1	0	1	1	2	1	2	1	1	2	1	3	2	2	0	2	0	1	1	1	1	1	3	1	1	1	8	3	1	1	2	1	1	1	1	3	8	0	1	6	0	1	1	1	2	1	2	1	1	2	0	1	1	3	1	1	1	2	1	1	1	1	1	1	3	1	3	1	1	1	1	2	1	1	2	3	1	2	0	1	1	1	1	1	1	2	1	1	1
lioSpu	2899	481	774	190	1	37	2	136	0	10	1	30	1	1	31	32	5	7	6	0	1	7	8	5	2	10	2	12	30	3	9	3	2	2	1	3	2	0	4	1	2	1	4	2	1	4	1	1	1	5	1	3	0	1	2	6	1	12	0	3	4	3	1	6	4	6	1	1	0	2	1	2	2	2	2	1	2	3	5	6	3	3	2	1	4	3	0	2	0	5	2	1	5	1	4	2	7	1	4	1	2	1	1	1	1	1	0	2	2	4	4	2	2	1	2	0	1	1	0	1	3	3	1	1	2	8	2	1	1	2	1	1	1	1	3	8	1	1	6	0	1	1	1	1	1	1	1	1	1	1	2	1	2	1	1	1	2	1	1	2	1	1	1	3	1	3	1	1	1	1	1	1	1	1	3	1	2	0	1	2	2	1	1	1	2	1	1	1
lonInu	2293	195	819	222	1	36	2	9	1	5	1	33	1	1	33	37	1	10	2	2	1	6	5	4	2	9	2	5	30	1	9	2	4	3	1	2	1	0	4	2	1	3	5	3	1	4	2	1	1	1	1	3	2	1	2	4	2	13	0	4	4	3	1	5	4	5	3	1	1	2	1	3	2	3	3	1	2	2	4	5	3	3	1	1	4	4	1	1	0	6	1	1	5	1	3	1	6	1	3	2	1	0	1	1	1	1	2	2	2	1	4	3	2	0	2	0	1	2	1	1	1	3	1	1	2	8	2	1	1	2	1	1	1	1	3	8	1	1	6	0	1	1	2	1	1	1	1	1	1	1	1	1	2	2	2	1	1	1	1	1	1	1	1	3	1	3	1	1	2	1	1	1	1	1	3	1	2	0	1	1	1	1	1	1	2	1	1	1
macMac	2142	335	697	109	1	36	2	7	0	7	1	37	1	1	37	23	2	9	3	1	3	6	8	2	1	10	2	9	30	1	8	3	5	1	3	3	1	2	4	1	2	2	5	3	2	4	2	1	2	2	1	6	0	1	4	6	1	12	0	3	3	3	1	5	4	7	1	1	0	2	1	3	4	2	1	0	2	2	3	3	3	3	1	1	4	2	0	2	0	6	1	2	5	2	2	0	6	1	4	1	0	1	1	1	3	2	2	2	4	1	3	3	3	0	3	0	1	1	1	1	2	4	2	1	1	8	3	2	1	2	1	1	1	1	3	8	1	1	6	0	1	1	1	2	1	1	2	1	1	0	1	1	2	1	1	1	1	1	1	2	1	1	1	3	2	3	1	1	2	1	1	1	1	1	3	1	2	0	1	1	1	1	1	1	2	1	1	1
macWat	2352	404	940	234	1	38	2	14	1	2	2	39	1	1	43	33	1	7	4	3	3	6	4	2	2	8	2	11	30	1	8	2	7	1	2	2	1	0	8	1	1	3	4	1	1	4	1	1	1	2	1	3	2	3	2	6	1	14	1	3	4	3	1	6	3	6	3	2	1	1	2	3	3	2	1	0	2	2	4	3	3	3	1	1	4	2	1	1	0	5	1	2	5	1	2	1	6	1	3	2	1	1	3	1	1	2	0	2	2	1	4	2	2	0	2	1	1	1	1	1	1	3	1	1	1	8	2	2	1	2	1	2	1	1	3	8	1	1	6	0	1	1	1	2	1	1	1	1	1	0	1	1	2	1	1	1	1	1	1	1	1	1	1	3	2	4	1	1	1	1	1	1	1	1	3	1	2	0	1	1	1	1	1	1	2	1	1	1
megSpa	5700	1949	836	590	1	54	3	18	1	22	1	30	8	2	38	33	2	8	3	2	4	6	1	1	3	17	1	8	33	1	9	4	4	26	8	2	2	0	6	1	2	4	10	2	1	6	2	1	2	2	1	5	1	5	5	6	2	12	2	3	4	3	1	6	3	5	1	2	3	3	1	2	2	3	1	7	2	3	2	3	3	3	1	2	5	2	1	2	1	6	1	5	5	3	2	2	7	2	4	1	1	1	1	2	1	1	2	4	2	2	4	2	3	2	2	1	1	1	1	1	1	5	2	3	2	8	2	1	1	2	1	2	4	1	3	9	1	2	6	0	1	1	1	1	1	2	2	1	1	1	2	1	2	1	1	1	1	1	1	1	1	1	1	3	1	3	1	1	1	2	1	1	2	1	3	1	2	0	1	1	1	1	1	1	2	1	1	2
micMeg	2146	368	816	153	1	38	3	8	2	6	1	38	1	2	28	27	1	8	5	3	2	7	4	3	2	11	1	8	31	1	8	2	0	1	2	2	1	2	6	2	1	4	4	1	2	3	1	1	1	2	3	6	2	2	2	6	1	13	0	3	3	3	1	5	4	4	1	1	2	1	1	3	2	2	1	1	3	2	3	5	3	3	1	2	6	3	1	1	0	5	2	3	5	2	2	1	6	3	4	2	1	1	1	1	2	2	2	2	3	2	3	3	2	0	2	1	1	1	1	1	1	3	2	1	1	8	2	1	1	3	1	2	1	1	3	8	1	1	8	0	1	1	1	1	1	1	1	0	1	0	1	1	2	1	1	2	2	1	1	1	1	1	1	3	1	3	1	1	1	2	1	2	1	1	3	1	2	0	1	1	1	1	1	1	3	1	1	1
minAus	2737	452	1049	259	1	42	2	13	1	6	2	49	1	1	42	37	1	9	5	2	4	7	3	1	1	15	1	8	32	1	7	2	7	3	1	3	1	1	4	3	1	2	4	1	1	5	3	1	2	2	1	4	1	2	3	5	2	12	0	3	5	5	3	5	5	4	1	2	1	2	2	3	3	2	1	1	2	3	4	5	3	3	1	2	4	2	1	1	0	6	2	2	6	1	2	1	6	3	3	2	1	1	1	1	2	2	1	1	2	1	3	3	2	0	2	1	1	1	1	1	1	4	1	1	1	9	2	2	1	2	1	1	1	1	3	8	1	1	6	0	0	1	1	1	1	1	2	1	1	1	1	1	2	1	2	1	1	2	1	1	1	1	1	3	1	3	1	1	1	1	1	1	1	1	4	1	2	0	1	1	1	1	1	1	2	1	1	1
minNat	2756	478	1049	268	1	49	3	11	1	11	2	47	1	1	42	43	1	8	3	3	4	6	4	2	1	16	1	9	32	1	7	3	4	1	2	3	1	1	3	2	1	3	4	1	1	4	4	1	2	3	1	4	1	4	3	5	2	12	1	3	4	8	2	4	4	6	1	2	1	3	1	3	2	2	2	1	2	2	4	5	3	3	1	3	4	2	2	1	0	6	2	1	6	1	2	1	7	2	3	1	1	1	1	1	2	2	1	1	2	1	3	3	2	0	2	1	1	2	1	1	1	4	2	1	1	8	2	1	1	2	1	1	1	1	3	9	1	1	6	1	0	1	1	1	1	1	2	1	1	1	1	1	2	1	1	1	1	1	2	1	1	1	3	3	1	3	1	1	1	1	1	1	1	1	3	1	2	0	1	1	1	1	1	1	2	1	1	1
minSch	2724	472	1104	270	1	44	2	14	1	7	2	48	1	1	42	37	1	9	3	3	3	6	5	1	1	15	1	9	32	1	7	2	2	3	1	3	1	4	4	2	1	5	4	1	2	4	3	1	2	2	1	4	1	2	2	5	2	12	1	3	4	7	2	4	4	5	1	1	2	3	2	3	2	2	3	1	2	2	4	5	3	3	1	2	4	2	1	1	0	6	2	1	6	1	2	1	6	3	3	1	1	1	1	1	3	2	1	1	2	1	3	3	3	0	2	1	1	1	1	1	1	3	2	1	1	8	2	1	1	2	1	1	1	2	3	8	1	1	6	0	0	1	1	1	1	1	2	1	1	1	1	1	2	1	1	1	1	1	1	1	1	1	2	3	1	3	1	1	1	1	1	1	1	1	3	1	2	0	1	1	1	1	1	1	2	1	1	1
molAlv	3254	747	842	284	1	36	2	11	1	6	1	34	1	1	35	27	2	7	2	0	2	6	6	1	1	11	1	9	25	1	8	2	4	6	4	2	2	1	3	1	2	3	4	2	1	4	8	1	1	1	5	6	1	2	2	5	3	13	0	3	3	4	2	6	3	5	4	1	1	2	1	2	2	2	1	0	3	3	2	3	3	3	2	3	4	3	1	1	0	6	1	2	5	1	2	1	6	1	4	1	1	2	1	1	1	1	2	2	2	2	3	2	3	0	2	1	2	1	1	0	1	3	1	1	1	8	2	1	1	2	1	1	1	1	3	9	1	1	6	0	1	1	2	1	2	1	1	1	2	1	1	2	2	1	1	1	1	1	2	1	1	1	2	3	2	3	1	1	1	1	1	2	1	1	3	1	2	0	1	1	1	1	1	1	2	1	1	1
molMol	3254	723	844	319	1	39	3	11	1	9	1	37	1	1	33	27	2	8	3	0	4	6	4	2	1	8	1	11	25	1	8	2	5	3	3	2	2	1	3	1	1	3	4	2	2	4	4	1	1	1	6	6	2	1	2	5	3	13	1	3	3	4	2	6	3	4	4	1	0	3	1	2	3	2	1	1	3	3	2	4	3	3	3	2	4	3	1	2	0	6	2	2	5	1	2	1	7	1	4	1	1	1	1	1	1	1	2	2	2	2	3	2	2	0	2	1	2	1	1	2	1	3	1	1	2	8	2	2	1	3	1	1	3	1	3	9	2	1	6	0	1	1	1	1	1	1	1	1	1	1	1	2	2	1	1	1	1	1	2	1	1	1	2	3	1	3	1	1	1	1	1	1	1	1	3	1	2	0	1	1	1	1	1	1	2	1	1	1
molNig	3263	786	816	303	1	66	2	12	1	11	1	34	1	2	37	27	1	8	3	0	2	7	6	1	1	9	1	12	25	1	8	2	4	4	3	2	2	1	4	2	1	3	4	3	1	4	5	1	1	1	7	7	1	2	2	5	3	14	1	3	3	4	1	6	3	4	2	2	1	3	1	2	3	2	1	0	3	3	4	3	3	3	2	1	5	3	1	1	0	5	1	2	5	2	2	1	6	1	3	1	0	1	1	1	1	1	1	2	2	2	3	2	2	0	2	1	1	1	1	1	1	3	1	1	2	8	2	2	1	2	1	1	1	2	3	9	1	1	6	0	1	1	2	1	1	1	1	1	1	1	1	2	2	1	2	1	1	1	2	1	1	1	1	3	1	3	1	1	1	1	2	2	1	1	3	1	2	0	1	1	1	1	1	1	2	1	1	1
mopCon	3264	707	811	248	1	33	2	12	1	2	2	37	2	1	33	36	1	9	4	1	2	6	3	3	1	13	1	12	29	0	8	3	6	3	2	2	2	1	5	2	2	3	5	2	2	3	2	1	1	2	7	5	2	1	3	5	4	13	0	3	4	3	1	6	3	4	2	1	2	2	2	2	3	2	2	1	2	3	2	4	3	3	1	1	4	3	1	1	0	6	1	1	5	1	2	2	6	1	4	1	1	1	1	1	2	1	3	2	2	1	3	2	2	1	2	1	2	1	1	1	1	3	1	1	1	8	3	2	1	2	1	1	1	1	3	8	2	1	6	0	1	1	1	1	0	1	1	1	1	1	1	2	2	1	1	1	1	1	1	1	0	2	1	3	1	4	1	1	1	1	1	1	2	1	3	1	2	0	2	1	1	1	1	1	2	1	1	1
morMeg	1797	278	880	104	0	34	2	9	1	7	1	32	1	2	44	32	1	10	4	2	5	6	10	6	1	12	2	11	33	1	8	3	3	0	1	2	2	0	4	1	3	2	4	2	2	3	1	1	1	1	1	5	1	1	2	5	2	14	1	3	3	3	1	5	4	5	3	2	1	4	2	4	3	4	1	1	3	2	2	4	3	3	1	1	4	3	1	1	0	5	2	2	5	1	2	0	6	1	3	2	0	0	2	1	1	1	2	2	2	1	3	3	3	0	2	1	2	1	1	1	1	3	2	1	1	7	2	1	2	2	1	2	1	1	2	8	1	1	6	0	2	1	1	1	1	0	1	1	1	1	1	1	1	1	1	1	2	2	1	1	1	1	1	3	1	3	1	1	1	1	1	2	2	1	3	1	4	0	1	1	1	1	1	1	2	1	1	1
myoAur	2422	921	793	238	1	76	2	10	18	25	45	28	1	41	42	26	6	22	3	3	16	6	3	17	1	9	1	11	30	11	9	2	15	4	5	5	2	4	4	1	4	2	4	2	1	3	3	5	1	4	1	4	1	4	3	6	4	12	2	4	4	5	1	6	5	5	2	2	1	2	2	4	2	2	1	1	4	3	3	4	3	3	3	4	5	2	1	2	0	6	2	1	5	1	4	1	6	1	3	1	0	2	3	3	2	1	1	2	3	1	3	2	2	0	2	0	2	1	1	0	2	3	2	2	1	9	3	1	1	2	2	1	1	1	3	8	1	1	7	0	0	1	1	1	1	2	1	0	1	1	1	1	2	1	2	1	1	2	1	2	1	1	1	3	1	3	1	1	1	1	1	1	1	1	3	1	3	0	1	1	1	1	1	1	2	1	1	1
myoCal	2524	893	759	220	1	80	2	11	1	21	44	34	2	37	41	25	7	11	5	2	19	6	4	11	1	9	1	8	30	4	8	2	7	4	6	3	2	3	4	2	9	3	4	1	1	3	4	5	1	3	1	4	0	5	3	5	3	13	2	5	4	5	1	5	4	4	2	2	1	2	1	4	2	2	2	1	3	3	2	3	3	3	3	3	5	2	1	2	0	6	2	1	5	2	2	1	6	1	3	1	0	2	3	2	2	1	1	3	2	1	4	2	2	0	2	0	2	1	1	0	2	3	2	2	2	9	2	1	1	2	1	1	1	1	3	8	1	1	6	0	0	1	1	1	1	2	1	0	1	1	1	1	2	1	1	1	1	1	1	1	2	1	1	3	1	4	1	2	1	1	1	1	1	2	3	1	2	0	1	1	1	1	1	1	2	1	1	1
myoDau	2688	918	722	225	1	58	2	12	2	23	64	37	1	28	34	21	3	20	5	2	24	7	4	12	2	9	2	10	30	4	9	2	8	2	5	3	3	1	7	1	3	4	4	2	1	3	4	8	2	10	1	5	1	3	2	5	3	13	1	3	3	5	1	5	3	4	2	4	1	2	1	3	2	2	1	1	5	3	2	4	3	3	2	3	5	2	1	2	2	6	1	1	5	1	2	1	6	1	3	1	0	1	3	1	1	1	1	2	2	1	3	2	2	0	2	0	1	1	1	0	1	3	1	1	1	9	3	1	1	2	2	1	1	1	3	8	1	2	6	0	0	1	1	1	1	1	1	0	1	1	2	1	2	1	1	1	1	1	1	1	2	1	1	3	1	3	1	2	1	1	1	2	1	1	3	1	2	0	1	1	1	1	1	1	2	1	1	1
myoEvo	2517	855	793	235	1	76	2	10	11	22	54	33	1	46	37	30	6	36	3	2	14	7	3	18	2	10	1	10	31	16	11	2	15	3	6	3	2	4	7	1	4	3	4	1	1	4	2	5	1	3	1	5	1	1	3	6	4	12	2	5	4	4	1	5	4	5	3	2	1	2	1	5	2	2	1	1	4	3	2	3	3	3	2	3	5	2	1	2	0	6	2	1	5	1	3	1	8	1	3	1	4	2	2	2	2	1	1	2	2	1	4	2	2	0	3	0	2	2	1	1	1	3	2	1	1	9	3	1	1	2	1	1	1	1	3	8	1	1	7	0	0	1	1	1	1	2	1	0	1	1	1	1	2	2	2	1	1	1	1	2	2	1	1	3	1	3	1	2	1	1	1	1	1	1	3	1	2	0	1	1	1	1	2	1	2	1	1	1
myoLuc	2604	911	835	236	1	67	2	11	179	30	47	33	2	34	51	27	11	21	4	2	21	8	4	19	1	13	1	9	30	5	9	5	4	3	4	3	2	2	6	1	2	4	5	1	1	3	5	3	1	3	1	5	0	2	2	5	2	13	0	6	5	5	1	6	3	5	2	2	1	2	2	5	2	3	2	1	4	4	3	4	3	3	3	3	5	2	2	1	1	6	2	2	6	4	3	1	7	1	3	1	1	2	1	2	1	1	1	2	2	2	3	2	3	0	2	0	2	1	1	0	1	3	3	2	2	8	3	1	1	2	1	1	1	1	3	8	1	1	7	0	0	1	1	1	1	2	1	0	1	1	1	1	2	1	1	1	1	1	1	2	2	1	1	3	1	3	1	1	1	1	1	2	1	1	3	1	2	1	1	1	1	1	2	1	2	1	1	1
myoMyo	2792	872	755	247	1	70	2	11	3	20	47	37	1	27	43	32	5	29	2	1	19	6	5	18	1	12	1	8	31	5	9	2	4	2	6	2	2	3	4	2	5	4	4	1	1	5	5	5	2	4	2	5	0	1	2	5	3	12	1	3	3	5	1	4	3	4	3	3	1	2	1	4	2	4	2	1	5	3	3	4	3	3	2	1	4	3	1	2	0	6	1	1	6	2	2	1	6	2	3	1	1	2	2	2	1	1	1	2	2	2	3	2	2	0	2	0	1	1	1	0	1	3	3	2	1	9	2	1	1	2	2	1	1	0	3	8	1	1	6	0	0	1	1	2	1	1	1	0	2	1	1	1	2	1	1	2	1	1	1	2	1	1	1	3	1	3	1	2	1	1	1	1	1	1	4	1	2	0	1	1	1	1	1	1	2	1	1	1
myoMys	2824	918	841	300	1	67	3	10	2	19	66	29	1	36	41	31	5	23	4	3	23	6	6	11	2	13	2	13	31	13	9	4	4	4	4	30	2	3	4	2	5	4	4	3	1	4	3	4	2	2	1	4	1	3	2	5	3	13	3	5	4	3	1	5	3	6	3	2	1	2	2	4	2	2	1	1	4	3	3	4	3	3	3	3	5	2	1	2	0	6	2	1	7	1	2	1	6	1	3	1	0	2	1	3	1	1	1	2	2	4	3	2	2	0	2	0	1	1	1	0	1	3	2	3	1	9	2	1	1	2	1	2	1	2	3	8	1	1	7	0	0	4	1	3	1	2	1	0	1	3	1	2	2	2	2	1	1	1	1	2	1	1	1	4	1	3	1	1	1	1	1	1	1	1	3	1	2	0	1	1	1	1	2	1	2	1	1	1
myoNig	2537	841	773	255	1	58	3	14	4	21	48	26	1	37	39	28	1	10	3	3	12	6	4	18	1	9	2	8	31	4	9	2	7	5	3	2	2	2	6	1	4	2	5	2	1	4	3	4	1	4	2	4	1	1	2	5	1	12	2	5	4	5	1	4	3	5	2	2	1	2	2	4	2	3	2	1	4	3	3	4	3	3	3	2	5	3	1	1	0	6	2	1	6	3	2	1	6	1	4	1	0	1	2	2	1	1	1	2	2	2	4	2	2	0	2	0	2	1	1	0	1	3	2	2	1	8	3	1	1	2	1	1	1	1	3	8	1	1	6	0	0	2	1	1	1	2	1	0	1	1	1	1	2	1	1	1	1	1	1	2	1	1	1	3	1	3	1	2	1	2	1	1	1	1	3	1	2	0	1	1	1	1	1	1	2	1	1	1
myoOcc	2611	908	837	274	1	70	2	11	77	22	47	34	1	34	48	30	11	16	5	4	18	6	4	15	1	11	1	9	31	6	8	3	7	4	4	2	2	2	5	1	6	5	4	1	1	3	3	4	1	3	1	4	0	2	3	5	3	12	2	6	4	5	1	5	4	5	2	2	1	2	2	4	2	3	1	1	4	3	3	3	4	3	4	4	5	2	2	2	1	6	3	1	5	1	2	1	6	1	3	1	2	1	1	2	1	1	1	2	2	1	3	2	2	0	2	0	2	2	1	0	1	3	2	2	1	9	3	1	1	2	1	1	1	1	3	8	1	1	7	0	0	1	1	1	1	2	1	0	1	1	1	1	2	1	1	1	1	1	1	2	1	1	1	3	1	3	1	1	1	1	1	2	1	2	3	1	2	0	1	1	1	1	1	1	2	1	1	1
myoPil	2750	893	725	234	1	50	2	11	1	13	51	29	2	28	29	20	6	14	3	2	19	7	6	8	1	6	1	7	32	20	9	4	5	3	6	2	2	2	6	1	2	3	4	2	1	4	2	4	2	5	1	5	0	3	3	5	3	12	2	4	3	5	1	5	4	5	2	4	2	2	2	4	2	2	1	1	3	4	4	4	4	3	3	1	6	3	1	2	1	6	2	1	5	1	2	1	6	1	3	1	0	1	3	2	1	1	2	2	3	1	3	2	2	1	3	0	1	2	1	0	1	3	1	2	1	8	3	2	2	2	1	1	2	0	3	8	1	1	6	0	1	1	1	2	1	2	1	0	1	1	1	1	2	1	1	1	1	1	1	2	1	1	1	3	1	3	1	1	1	1	1	1	1	1	3	2	2	0	1	1	1	1	1	1	2	1	1	1
myoThy	2511	854	806	228	1	79	2	9	7	15	59	33	1	45	41	24	9	14	3	1	14	7	4	20	1	8	1	11	30	11	9	2	12	4	8	2	2	4	7	1	9	3	4	1	1	4	1	5	1	3	1	5	0	3	4	7	4	13	2	4	4	4	1	5	4	5	3	2	1	2	1	5	2	2	1	1	4	3	2	3	3	3	2	1	5	2	1	2	0	6	2	1	5	1	3	1	7	1	3	1	2	2	1	2	2	1	1	2	2	1	3	2	2	0	2	0	2	1	1	0	2	3	2	2	1	11	2	2	1	2	1	1	1	1	3	8	1	1	7	0	0	1	1	1	1	2	1	0	1	1	1	1	2	2	2	1	1	1	1	2	2	1	1	3	1	3	2	1	1	2	1	1	1	1	3	1	2	0	1	1	1	1	1	1	2	1	1	1
myoVel	2519	802	786	229	1	68	2	9	98	28	33	34	2	32	40	28	10	17	3	2	19	6	3	15	1	10	1	9	31	3	9	2	13	5	3	2	2	2	6	2	2	3	4	2	1	4	3	8	1	3	1	3	0	2	2	5	1	12	2	5	4	4	1	5	3	4	2	4	3	2	3	4	2	2	2	1	4	3	3	4	3	3	3	2	5	2	1	2	0	4	2	1	5	3	2	1	7	1	3	2	0	2	3	2	1	1	1	2	2	1	3	3	2	0	3	0	1	1	1	0	1	4	2	3	1	9	4	1	1	2	1	1	1	1	3	8	1	1	6	0	0	2	1	1	1	2	2	0	1	1	1	1	2	1	1	2	1	1	1	1	2	1	1	3	1	3	1	2	2	1	1	1	1	1	3	1	2	0	1	1	1	1	1	1	2	1	1	1
myoViv	2372	755	800	214	1	53	2	11	46	18	46	32	1	29	41	27	10	17	4	1	21	6	3	21	2	9	1	8	31	4	8	3	6	3	3	3	2	1	6	1	2	3	5	2	1	5	4	2	1	3	2	3	1	2	2	5	3	13	1	5	8	5	1	5	6	4	2	5	1	2	5	4	3	3	1	1	4	3	3	3	4	4	4	2	5	2	1	1	0	6	2	1	5	1	3	1	6	1	3	2	0	2	1	2	1	1	1	2	2	2	3	2	2	0	3	0	2	1	1	0	1	3	1	2	1	10	3	1	3	3	2	1	2	1	3	8	1	1	7	0	0	3	1	1	1	1	1	0	1	1	1	1	2	2	1	1	1	1	1	1	2	1	1	4	1	3	1	1	1	1	1	2	1	1	3	1	2	0	1	1	1	1	1	1	2	1	1	1
myoVol	2564	930	837	260	1	69	2	11	5	11	56	42	2	29	48	37	9	14	6	6	23	6	2	12	4	10	1	7	30	17	8	3	6	3	1	2	2	4	4	1	7	6	4	2	1	6	2	5	1	3	1	4	1	3	2	5	3	13	3	6	4	4	1	5	6	4	3	3	1	2	2	4	3	2	2	1	5	3	2	4	3	3	3	2	4	2	1	2	0	6	2	1	5	2	3	1	7	1	3	1	0	2	4	3	1	1	1	2	2	1	4	2	3	0	2	0	2	2	1	0	2	3	2	1	1	8	3	3	1	2	2	1	1	1	3	8	1	1	6	0	0	1	1	1	1	2	1	0	1	1	1	1	2	1	1	1	1	1	1	1	2	1	1	4	1	4	1	1	1	1	1	1	2	2	3	1	2	0	1	1	1	1	2	1	2	1	1	1
myoYum	2514	777	783	230	1	60	2	9	82	24	38	30	1	30	47	35	4	16	5	3	15	6	4	11	2	10	1	9	30	5	9	2	6	9	1	2	2	1	7	1	2	4	5	2	1	4	3	2	1	5	1	3	1	4	2	5	1	12	2	4	4	4	1	5	3	4	2	2	1	2	3	5	2	2	2	1	4	3	3	4	3	3	3	2	5	2	1	2	0	6	1	1	5	3	2	1	6	1	3	2	1	2	1	1	1	1	1	2	2	1	5	2	2	1	2	0	1	1	1	0	1	3	2	2	0	9	3	1	1	2	1	1	1	0	3	8	1	1	6	0	0	1	1	1	1	2	2	1	1	1	1	1	2	1	1	2	2	1	1	2	2	1	1	3	1	3	1	2	1	1	1	1	1	1	3	1	2	0	1	1	1	1	1	1	2	1	1	1
mysTub	5708	1078	927	525	1	69	3	13	2	9	1	24	1	3	42	29	3	8	7	2	3	6	6	4	3	10	1	15	34	0	8	3	7	3	4	4	2	1	4	1	3	2	4	2	1	4	2	1	1	1	1	3	2	4	4	5	3	13	1	3	4	4	2	5	4	5	1	1	2	2	3	4	2	3	3	1	2	3	3	3	5	3	0	2	5	4	1	2	0	5	1	1	5	2	2	1	6	1	4	2	1	1	2	2	1	1	2	2	2	1	3	5	2	0	2	1	2	2	0	1	1	3	1	2	1	8	2	1	2	2	1	1	1	1	3	8	0	1	6	0	1	1	1	1	2	1	1	0	1	1	2	2	2	1	1	1	1	1	1	1	0	1	1	3	1	3	1	1	1	1	1	2	1	1	3	1	3	0	1	1	1	1	1	1	2	1	1	1
myzAur	6410	1450	584	654	1	45	2	174	1	9	3	28	2	2	27	24	1	8	2	2	6	7	4	2	2	4	1	7	26	1	8	3	2	2	2	3	1	1	8	1	1	1	4	1	1	6	1	1	1	3	2	5	2	3	3	5	3	12	2	3	3	2	1	5	3	7	2	1	4	2	1	2	2	3	1	1	2	2	3	4	4	3	2	2	4	4	0	7	0	7	1	1	5	1	2	1	6	2	3	1	1	1	1	1	1	1	1	1	2	1	3	4	2	0	1	1	4	2	1	0	1	3	1	2	1	8	2	2	1	2	1	1	1	0	3	8	1	1	6	0	1	1	1	1	1	1	1	1	1	1	1	1	1	2	1	1	1	1	1	1	1	1	1	4	1	3	1	1	1	2	1	1	1	1	3	1	2	0	1	1	1	1	1	1	2	1	1	1
natTum	3854	1081	1509	578	1	38	2	18	2	1	2	62	22	2	73	55	3	8	3	2	2	6	7	1	3	17	1	16	37	1	8	2	5	5	2	3	1	2	8	1	1	1	4	3	1	5	1	1	1	3	2	4	1	1	4	6	3	14	2	3	4	5	1	5	6	4	1	1	2	1	1	2	2	2	1	1	2	2	3	5	4	3	2	3	5	2	1	1	0	6	1	1	5	1	2	2	6	2	3	1	2	1	1	1	2	1	2	2	2	1	3	3	2	0	2	1	1	2	1	1	1	3	1	1	1	8	2	1	1	3	1	1	2	1	3	8	1	0	6	0	1	1	1	1	1	2	1	1	1	1	1	1	2	1	1	1	1	1	1	1	1	1	3	3	1	3	1	1	1	2	1	1	1	1	3	1	2	0	1	1	1	1	1	1	2	1	1	1
nocLep	2977	394	586	146	1	22	3	7	1	0	2	17	1	1	27	16	1	74	2	1	2	6	7	3	3	5	1	10	26	1	8	2	6	2	1	3	1	1	5	3	1	1	4	2	1	3	2	1	1	2	1	4	2	2	0	5	1	12	0	3	4	3	1	4	3	5	1	1	1	3	2	2	2	3	2	1	2	2	2	5	4	3	1	1	4	2	6	1	1	6	2	1	6	1	2	1	7	1	3	1	0	1	1	1	1	1	2	1	2	1	3	2	2	0	1	1	1	1	0	1	3	3	0	1	1	9	2	1	1	2	1	1	3	1	3	9	1	1	6	0	1	1	1	1	1	1	1	0	1	0	1	0	3	1	2	1	0	1	1	1	1	1	1	3	1	3	1	1	1	2	1	1	1	1	3	1	2	0	1	2	1	1	1	1	2	1	1	1
nycAvi	2609	995	514	277	1	81	6	11	1	25	10	29	2	2	19	25	4	13	6	3	12	7	3	5	4	13	2	10	30	2	9	5	8	7	4	3	4	1	5	6	1	3	7	3	6	5	7	2	3	2	1	5	3	2	2	6	1	14	2	6	4	3	1	4	6	8	1	5	5	5	3	4	7	2	2	1	2	3	2	5	4	6	2	2	6	5	1	2	0	6	5	2	6	1	2	2	5	2	4	3	0	1	2	1	1	2	1	1	3	3	3	2	3	0	3	0	2	4	1	0	1	3	2	1	1	7	2	2	1	2	1	3	1	1	2	9	1	1	6	0	0	1	3	2	1	3	1	0	2	1	1	1	2	1	1	1	1	1	2	1	1	1	1	4	1	3	1	1	3	1	1	2	1	1	3	1	2	0	1	1	1	1	1	1	2	1	1	1
nycThe	3782	1220	532	284	1	17	2	11	1	4	2	17	1	1	19	17	1	7	2	1	2	66	35	2	48	12	1	10	33	1	8	2	2	5	6	2	2	1	4	1	1	1	4	1	1	3	1	1	1	2	1	7	2	1	4	5	2	12	0	3	3	5	1	4	3	5	3	3	1	2	1	2	2	2	8	1	2	2	3	3	4	3	2	0	4	3	1	1	0	4	2	1	5	2	2	1	8	2	3	1	1	1	1	2	1	1	2	1	2	1	3	2	2	1	1	1	1	1	1	1	1	3	1	1	1	9	5	1	1	2	2	1	1	1	3	8	1	1	6	0	1	1	1	1	1	1	1	1	2	1	1	1	2	1	1	1	1	1	1	1	1	1	1	3	1	3	1	1	1	1	1	1	1	1	3	1	3	0	1	1	1	1	1	1	2	1	1	1
phyDis	2099	380	811	128	1	46	3	8	1	8	2	46	1	2	28	26	1	9	6	6	5	7	8	3	2	10	2	6	29	3	8	3	6	3	1	2	1	1	7	1	3	1	4	3	1	5	1	1	1	2	1	4	0	4	3	3	1	13	0	3	3	3	1	5	5	5	1	1	2	2	2	3	3	3	1	1	2	3	2	4	4	4	1	1	7	3	1	2	0	5	1	1	5	1	2	0	6	1	3	1	1	0	1	1	1	2	1	2	2	1	3	2	2	1	2	1	1	1	1	2	2	5	3	1	1	8	3	2	1	3	1	1	2	2	3	8	2	1	6	0	1	1	1	1	1	1	1	1	1	0	1	1	3	1	1	2	1	1	2	1	1	4	1	3	1	3	1	1	1	1	1	1	1	1	3	1	2	0	2	1	1	1	2	1	2	1	1	1
phyHas	2455	466	803	167	1	41	2	8	1	8	1	39	2	2	30	32	3	11	5	5	4	7	6	1	1	11	2	9	30	1	8	2	5	0	2	4	1	1	5	2	1	1	4	4	2	5	1	1	1	2	1	6	0	1	3	4	1	14	4	3	4	4	2	5	4	6	1	1	2	3	2	2	2	2	1	1	2	2	2	5	4	5	1	1	6	3	1	1	0	6	1	1	5	1	3	2	6	1	4	2	1	1	1	1	1	2	0	2	2	1	3	2	2	1	2	0	2	1	0	1	3	4	1	1	1	8	2	1	1	2	1	1	2	2	3	9	0	2	6	0	1	1	1	3	1	1	1	1	2	0	2	1	2	1	1	1	1	1	3	1	1	1	1	3	1	3	1	1	1	1	1	1	1	1	3	1	2	0	1	1	1	1	1	1	2	1	1	1
pipKuh	3214	1309	519	421	1	100	2	10	1	20	5	22	4	3	29	22	5	11	3	4	7	8	7	9	4	10	2	10	29	1	9	5	4	6	2	2	5	0	4	5	2	2	4	2	3	6	7	1	1	3	1	4	3	5	2	6	2	11	3	4	5	3	1	5	4	6	3	2	2	3	4	4	6	3	2	2	3	4	2	5	6	4	2	1	6	3	1	2	1	6	2	1	5	3	2	3	5	1	3	4	1	1	2	1	2	2	2	1	3	2	3	3	2	0	2	0	1	1	0	0	1	5	2	1	0	8	3	1	1	2	1	2	2	1	2	9	1	1	6	0	1	1	2	1	1	1	1	0	1	1	2	1	2	2	1	2	1	2	1	2	1	2	1	3	1	3	1	1	2	1	1	1	1	1	3	1	2	0	1	1	1	1	1	1	2	1	1	1
pipNat	2797	1156	501	307	1	96	4	11	2	32	6	27	4	2	20	19	4	15	4	4	9	10	9	3	2	10	2	11	30	3	9	5	15	6	2	3	4	0	4	5	2	3	4	2	5	7	5	1	3	3	1	7	2	3	5	6	1	12	1	4	5	3	2	6	3	5	6	3	2	4	6	4	8	3	3	1	4	6	2	6	3	4	3	1	6	4	1	2	2	5	2	1	7	2	2	2	6	1	3	3	1	1	1	1	1	1	1	3	2	1	3	2	4	0	2	0	1	1	0	0	2	4	2	3	1	7	2	1	1	5	1	3	2	1	4	9	2	2	7	0	0	1	3	1	1	1	2	0	3	1	3	1	2	2	1	2	2	1	1	1	1	2	1	4	1	3	1	1	1	1	1	1	1	1	3	1	2	0	1	1	1	1	1	1	2	1	1	1
pipPyg	2968	1198	522	346	1	92	3	10	1	21	7	22	3	2	19	22	2	11	3	2	7	8	8	5	4	10	1	6	30	1	10	6	10	6	2	3	2	2	6	6	1	3	7	4	4	7	7	2	1	2	2	5	0	4	2	5	1	11	3	6	5	4	1	6	4	7	3	1	2	2	3	3	4	3	2	1	5	6	2	6	3	4	2	1	7	2	2	2	0	6	2	1	6	2	2	1	6	1	4	2	0	1	1	2	1	1	2	1	2	1	4	2	5	0	2	0	1	1	0	0	1	4	2	2	1	7	4	1	1	2	1	1	1	1	4	8	1	1	6	0	1	1	2	1	1	1	2	0	1	1	1	1	2	1	1	2	2	1	1	1	1	1	1	3	1	3	1	1	1	1	1	1	1	1	4	1	2	0	1	1	1	1	1	1	2	1	1	1
plaGui	3033	513	699	266	1	36	2	9	0	7	3	42	2	2	38	28	2	11	2	3	3	6	6	3	2	5	2	7	31	1	10	4	6	4	1	3	2	1	4	2	1	2	4	2	2	4	1	1	1	2	1	4	1	5	1	4	1	12	1	4	6	2	1	5	4	5	2	4	0	2	1	5	2	5	1	1	2	4	2	4	4	3	1	1	5	3	1	1	0	5	1	1	6	2	2	1	8	1	4	1	0	0	1	2	1	2	1	3	2	1	3	4	3	1	3	0	2	1	2	2	1	3	1	2	1	8	3	1	1	2	1	1	2	1	3	8	0	1	7	0	2	1	2	1	2	1	1	1	1	0	1	1	2	1	1	1	2	1	1	2	1	1	1	3	1	3	1	1	1	1	2	1	1	1	3	1	2	0	1	2	1	1	1	1	2	1	1	1
pleAur	4361	1288	877	581	1	68	2	9	1	26	16	30	1	3	28	28	7	11	2	2	33	7	9	4	4	10	1	10	32	2	9	10	1	4	3	3	2	4	7	10	4	4	6	1	2	5	4	4	1	2	1	8	2	1	1	6	2	13	1	7	4	7	1	4	5	6	4	1	2	2	1	3	3	3	1	1	2	3	5	4	3	6	3	1	5	2	1	1	0	6	1	1	6	3	4	3	6	1	7	1	0	3	2	2	1	1	1	2	2	2	3	2	2	0	2	0	1	1	1	0	1	3	1	1	1	8	2	1	2	3	2	2	2	2	3	8	1	1	6	0	0	1	1	1	1	1	1	1	1	1	1	2	2	1	3	1	1	1	1	1	1	1	1	4	1	3	1	1	1	2	1	1	1	1	3	1	2	0	2	1	1	1	1	1	2	1	1	1
rhiAff	9600	1205	1389	627	1	29	3	15	1	3	3	50	5	1	39	48	1	8	4	1	1	6	3	2	1	17	1	17	38	1	9	4	4	5	2	3	3	0	7	1	3	5	4	2	2	6	3	1	1	2	1	4	1	3	3	5	3	12	4	3	5	4	1	7	4	4	2	2	1	5	1	4	2	2	1	1	2	2	2	3	6	3	1	1	5	3	0	1	1	6	1	1	5	2	2	2	6	2	3	1	1	1	2	1	1	2	1	3	3	1	6	2	3	1	2	2	1	1	0	2	3	3	1	1	3	8	2	1	1	2	1	2	1	1	4	8	1	1	6	1	1	1	1	1	1	1	1	1	1	1	1	1	2	1	1	1	1	1	1	1	1	1	2	3	1	3	1	1	1	1	1	1	1	1	4	2	3	0	1	1	1	1	1	1	2	1	1	1
rhiFer	10592	1483	1504	850	1	35	4	19	1	3	2	59	8	1	45	47	1	10	2	1	2	7	2	2	2	18	1	17	37	1	8	2	5	2	2	3	4	0	7	2	1	6	4	1	2	7	4	1	2	1	1	5	2	2	3	7	2	12	2	6	3	4	1	7	4	5	1	1	3	3	1	3	2	2	1	1	2	4	2	4	4	3	2	1	6	3	0	1	1	6	1	1	3	1	2	2	6	2	3	1	2	1	1	1	1	1	0	3	2	1	4	2	2	0	2	1	2	1	0	1	1	3	1	1	2	8	2	1	1	3	2	1	2	1	3	8	1	1	6	1	1	1	1	3	1	2	1	1	1	1	1	1	2	2	1	1	1	1	1	1	1	1	1	3	2	2	1	1	1	1	1	1	1	2	3	1	2	0	1	1	1	1	1	1	2	1	1	1
rhiFoe	10581	1285	1219	587	1	37	4	10	0	4	2	51	7	2	31	45	2	9	17	3	2	8	4	6	2	12	1	14	37	1	8	2	3	5	3	2	3	0	7	1	1	1	4	2	2	8	2	1	1	1	1	5	2	2	2	5	3	12	3	3	4	5	1	5	3	4	2	3	2	3	1	3	2	3	1	0	2	2	3	3	3	4	1	2	7	2	0	1	1	5	1	1	6	1	2	2	7	1	3	2	2	1	1	3	2	3	1	2	2	1	4	2	2	1	4	2	1	1	0	1	2	3	1	2	3	8	2	1	1	3	1	1	1	1	3	8	1	1	6	1	1	1	1	1	1	1	1	1	1	1	1	1	2	2	2	1	1	1	1	1	1	1	2	3	1	2	1	1	2	2	1	1	1	1	3	1	2	0	1	1	1	1	1	1	2	1	1	1
rhiHip	9877	1196	1374	436	1	31	3	13	1	3	2	43	9	1	41	48	87	10	12	1	2	9	5	1	3	14	1	17	37	1	10	3	6	4	2	3	3	0	7	1	2	4	5	2	2	5	1	1	2	1	2	5	4	2	3	6	2	13	2	4	4	3	0	5	5	5	1	1	0	5	1	2	2	3	1	1	2	3	2	4	5	3	2	1	5	4	0	1	1	6	1	1	5	1	2	2	6	1	3	1	1	3	2	1	1	1	1	2	2	1	5	2	3	1	2	0	1	1	1	1	1	3	1	1	1	8	2	2	1	2	2	0	2	0	4	8	1	1	6	1	1	1	1	1	1	2	1	1	1	1	1	1	2	2	2	1	1	1	1	1	1	1	1	3	1	3	1	1	2	1	1	1	1	1	3	1	2	0	1	1	2	1	1	1	2	1	1	1
rhiMic	2834	782	1670	232	1	50	3	18	1	7	1	44	1	2	63	64	2	8	3	2	2	6	2	3	1	25	1	14	38	1	8	3	10	2	1	2	2	1	16	3	2	4	4	4	1	4	1	1	1	1	1	7	2	1	5	5	3	12	4	3	5	2	1	7	4	6	1	1	2	7	2	2	2	3	1	1	2	2	2	4	3	3	2	1	6	2	1	1	1	7	1	3	6	2	2	3	6	2	3	1	1	1	1	1	1	1	1	2	2	1	3	2	2	2	2	0	2	1	2	1	1	3	1	1	1	8	2	2	2	3	2	1	1	1	3	8	1	1	6	1	1	1	1	1	1	1	1	1	1	1	2	1	3	1	1	1	1	2	1	1	3	1	1	3	2	3	1	1	1	1	1	1	1	1	3	1	2	0	1	1	1	1	1	1	2	1	1	1
rhiMus	3113	763	1602	282	1	42	3	19	0	8	1	60	1	1	62	55	2	11	5	2	3	6	2	1	1	24	1	22	36	1	8	4	6	2	1	2	2	17	12	2	1	5	4	2	1	4	1	1	15	1	1	4	3	4	5	5	3	13	5	3	5	3	1	8	3	6	1	1	2	2	1	3	2	2	1	2	2	3	3	5	4	3	1	1	6	3	3	1	1	7	1	3	7	2	2	3	6	3	3	3	1	2	1	1	1	1	1	2	2	2	4	2	2	2	3	0	2	1	2	1	1	3	1	1	1	8	2	2	1	4	1	1	1	0	3	8	1	1	6	1	1	1	1	2	1	1	2	1	1	1	1	1	2	1	1	1	1	1	1	1	1	1	1	3	1	3	1	1	1	2	1	1	1	1	3	1	2	0	1	1	1	1	1	1	2	1	1	1
rhiPea	9475	1231	1383	616	1	17	3	14	0	5	1	59	6	1	48	44	1	10	7	1	3	8	2	1	2	15	1	25	38	1	8	3	6	4	2	2	2	0	4	1	2	2	4	1	1	8	2	1	2	1	1	4	0	2	3	7	1	12	2	4	4	4	1	7	3	4	1	2	1	4	2	3	2	3	1	1	2	2	2	3	5	4	2	2	6	2	0	1	1	6	2	1	5	1	2	2	7	1	3	1	1	2	2	1	2	1	1	3	2	1	3	3	3	1	3	0	2	1	0	2	1	3	1	1	2	8	2	2	1	2	2	1	1	1	3	8	1	1	6	1	1	1	2	1	1	1	1	1	1	1	1	1	2	1	1	1	1	1	1	1	1	1	1	3	1	3	1	1	1	1	1	1	1	1	3	1	2	0	1	1	1	1	1	1	2	1	1	1
rhiPer	10623	1060	1253	585	1	34	4	12	0	7	2	54	5	2	36	45	2	10	30	2	2	9	3	2	2	10	1	12	38	2	9	2	8	2	1	2	3	0	7	1	1	1	4	1	2	4	2	1	2	1	1	5	2	3	2	7	3	12	4	4	6	3	1	5	4	4	2	2	4	5	1	5	2	2	1	1	2	2	4	4	4	3	1	1	6	4	0	1	1	4	1	1	6	5	2	2	6	1	3	1	2	1	1	2	2	1	1	2	3	1	4	2	2	2	4	1	1	1	0	1	4	3	2	2	2	8	2	1	1	3	1	2	1	1	3	9	1	1	6	1	1	1	1	1	1	1	1	1	1	1	1	1	2	2	2	1	1	1	1	1	1	1	1	3	1	4	1	1	1	1	1	1	1	1	3	2	3	0	1	1	1	1	1	1	2	1	1	1
rhiPum	2317	617	671	163	1	42	2	9	1	4	2	26	1	1	29	23	4	10	2	2	3	6	13	2	2	6	1	7	30	2	10	2	2	1	1	2	1	2	3	2	1	1	4	3	1	3	2	1	2	1	2	3	0	1	3	6	1	13	1	3	3	3	1	4	4	6	1	1	1	2	1	2	3	2	2	0	2	2	4	5	5	3	1	1	5	4	1	1	0	5	2	0	5	1	2	2	6	1	4	1	0	1	1	2	1	1	2	2	2	2	4	2	2	0	2	0	1	1	1	1	1	3	1	1	1	8	2	1	1	3	1	1	1	1	3	9	1	1	7	0	1	1	1	2	1	1	1	1	1	0	1	1	2	1	1	1	1	2	1	1	1	1	1	4	1	3	1	1	1	1	1	2	1	1	3	1	2	0	1	1	1	1	1	1	2	1	1	1
rhiSin	8599	1271	1450	566	1	25	2	22	0	5	3	53	5	1	45	49	1	11	22	1	2	6	2	3	1	17	1	20	38	1	8	2	4	4	2	2	2	0	6	1	3	4	4	1	2	4	2	1	1	2	1	4	1	3	4	8	2	13	3	5	3	4	1	8	4	5	2	1	1	4	1	3	2	3	1	1	2	2	2	3	4	3	2	1	5	4	0	1	1	6	1	1	5	1	2	2	7	1	3	1	2	1	2	1	1	1	1	3	2	1	5	2	3	1	2	2	1	3	0	1	1	3	1	2	2	8	3	1	1	2	2	1	1	1	3	8	1	1	6	1	1	1	1	1	1	1	1	1	1	1	1	2	2	1	1	1	1	1	1	1	1	1	1	3	1	3	1	1	1	1	1	1	1	2	3	1	2	0	1	1	1	1	1	1	2	1	1	1
rhiTri	10962	1190	1255	623	1	35	3	11	0	3	2	50	6	2	35	42	1	10	35	3	2	8	7	3	1	14	1	16	38	0	8	2	5	4	2	2	3	0	8	2	1	2	4	1	2	3	2	2	1	1	1	5	3	3	2	5	2	20	4	3	4	4	1	5	3	4	1	2	2	4	1	6	2	2	1	1	2	2	3	3	3	4	1	2	6	2	0	1	1	5	1	1	6	2	2	2	7	1	3	2	2	1	1	3	2	2	1	2	2	1	4	2	2	1	4	2	1	1	0	1	2	3	2	2	2	8	2	1	1	3	1	1	1	1	3	8	1	1	6	1	1	1	1	1	1	1	1	1	1	1	1	1	2	1	2	1	1	1	1	1	0	1	1	3	1	4	1	1	1	1	1	1	1	1	3	2	2	0	1	1	1	1	1	1	2	1	1	1
rhiYon	10031	1102	1208	604	1	30	2	11	1	4	1	59	8	2	42	37	1	9	33	1	2	6	1	2	2	14	1	15	37	1	10	2	7	2	5	3	2	1	7	1	1	3	4	1	2	5	2	1	1	1	1	4	4	2	2	7	3	12	3	5	3	4	1	6	3	4	1	1	2	3	1	3	2	2	2	1	3	3	3	3	4	3	1	1	6	3	0	1	1	6	1	1	5	1	2	2	7	1	3	1	2	1	1	1	1	1	1	2	6	1	4	2	2	1	4	1	1	2	0	1	1	3	1	1	3	8	3	1	1	2	2	1	1	1	3	8	1	1	6	1	1	1	1	1	1	1	1	2	1	1	1	1	2	3	1	1	1	1	1	1	1	1	1	3	1	3	1	1	1	1	1	1	1	1	3	1	2	0	1	1	1	1	1	1	2	1	1	1
rouAeg	6843	1607	1297	456	1	110	2	25	2	13	1	34	2	3	43	41	2	8	8	5	3	7	4	5	2	7	2	15	32	1	8	2	13	6	4	2	2	1	5	2	1	6	4	3	2	8	1	1	1	2	1	5	2	3	5	7	3	13	2	3	4	3	7	8	8	7	1	2	1	1	3	2	3	4	2	1	5	5	3	3	5	4	1	1	6	2	1	1	1	5	2	1	6	1	3	2	7	1	4	1	1	2	2	2	1	1	2	2	4	2	3	2	2	1	2	1	3	1	1	1	1	3	1	2	3	8	2	1	1	2	0	1	2	1	3	8	1	0	6	0	1	1	1	1	1	1	2	2	1	1	1	1	2	1	1	1	1	1	1	1	1	1	1	4	1	3	1	1	2	1	1	1	1	1	3	1	2	0	1	1	1	1	1	1	2	1	1	1
sacBil	2069	729	628	295	490	42	2	15	1	7	3	29	1	2	36	19	3	9	2	2	4	6	7	3	2	5	1	10	30	1	8	3	6	4	10	4	1	2	5	2	3	1	4	9	1	5	1	1	2	1	1	6	4	1	2	5	3	12	0	2	4	3	1	5	3	7	3	1	1	2	1	2	2	2	3	1	2	2	5	4	3	3	2	1	4	2	3	0	0	5	1	1	5	1	3	0	6	1	3	1	0	0	1	1	1	1	2	2	2	2	3	3	2	2	2	1	1	1	1	1	1	3	1	1	1	8	2	1	1	2	1	1	1	1	4	8	1	1	6	0	1	1	2	1	1	1	1	1	1	1	1	1	2	1	1	1	1	1	1	1	1	1	1	4	1	3	2	1	1	2	1	1	1	1	3	1	2	0	1	2	1	1	1	2	2	1	1	1
sacLep	2105	787	621	220	514	42	4	17	1	7	2	23	1	2	37	21	4	9	5	6	1	6	12	3	2	5	1	11	26	1	8	2	5	6	5	4	1	1	4	3	2	4	4	7	1	4	1	1	1	3	1	5	2	1	2	5	3	14	0	2	5	3	2	5	5	5	1	1	1	2	2	2	2	2	4	1	2	2	4	3	3	3	2	1	4	2	1	0	0	5	1	1	5	1	2	0	7	1	3	1	1	0	1	1	1	1	2	2	2	1	3	3	2	1	2	1	1	2	1	1	2	3	1	3	1	8	2	2	2	2	2	1	1	1	4	8	1	1	6	0	1	1	1	1	1	1	1	1	1	1	1	1	3	1	1	1	1	1	1	1	1	1	1	3	1	3	1	1	1	1	1	1	1	1	4	1	2	0	1	2	1	1	1	2	2	1	1	1
tadBra	2636	755	1111	219	1	47	2	13	1	6	1	44	2	2	43	44	2	7	5	1	3	6	5	2	1	12	1	11	32	1	9	2	6	5	2	2	2	1	4	1	1	4	4	4	2	3	3	1	1	3	5	3	3	2	4	6	4	13	0	3	6	5	1	5	4	5	2	1	2	2	3	4	2	2	3	1	2	2	2	4	4	3	2	1	4	3	1	2	0	6	1	1	5	2	2	2	7	1	4	2	1	1	2	1	1	1	2	2	2	1	4	2	3	0	2	1	1	2	1	1	1	3	2	3	2	8	2	1	1	3	1	1	2	1	3	8	1	1	6	0	1	1	1	1	1	1	1	1	1	1	2	2	2	1	1	1	1	1	1	1	1	1	1	3	1	3	2	1	1	2	1	1	2	1	3	1	2	0	1	1	1	1	1	1	2	1	1	1
tapMel	2363	542	1126	194	1	39	1	9	1	4	1	45	1	3	49	26	1	9	3	2	1	6	3	4	2	8	1	17	33	1	8	2	5	7	3	2	2	1	5	1	1	3	4	14	1	4	2	1	1	1	5	4	2	1	2	5	4	12	1	3	3	3	1	5	4	4	1	1	1	1	1	3	2	3	2	1	2	3	6	5	5	3	3	2	4	3	1	2	0	5	1	1	5	1	2	2	6	1	3	1	1	1	2	1	1	1	2	2	2	1	3	3	2	1	2	1	2	1	2	1	1	3	1	1	1	8	2	1	1	2	1	1	1	0	3	8	1	1	6	1	2	1	1	2	1	1	2	1	2	1	1	1	2	1	1	1	1	2	1	2	1	1	1	3	1	3	2	1	1	1	1	2	1	1	3	1	2	0	1	1	1	1	1	1	2	1	1	1
thyTri	1627	865	385	145	1	39	2	3	0	5	2	16	1	1	30	22	2	16	2	1	31	7	39	1	1	7	1	15	24	1	8	2	5	5	4	2	1	0	4	2	2	1	6	1	1	4	1	1	1	1	1	3	2	1	0	3	1	12	1	3	5	5	1	5	3	5	2	1	1	2	1	2	2	2	1	0	2	2	4	3	3	3	2	2	4	3	0	1	0	6	2	1	7	2	2	0	6	2	4	1	0	0	1	1	1	1	2	3	3	1	3	3	2	0	2	1	1	1	1	1	1	3	1	1	2	8	3	1	1	1	2	1	1	0	3	8	2	1	7	0	1	1	1	1	2	1	2	0	1	0	2	0	2	2	1	1	1	1	1	1	1	1	1	3	1	4	1	1	1	1	1	1	1	1	3	1	2	1	1	1	1	1	1	1	2	1	1	1
traCir	1909	300	888	109	1	40	4	56	2	3	1	35	1	1	41	33	2	8	5	1	4	7	2	3	2	9	2	11	30	2	8	2	5	2	1	2	1	0	5	1	1	3	4	3	1	4	2	1	1	1	2	4	0	1	2	4	1	13	2	3	8	4	1	5	5	6	2	2	1	2	1	2	2	2	1	1	2	2	3	5	5	3	1	2	5	2	0	1	0	5	2	2	5	1	2	0	6	1	3	1	1	1	1	1	1	1	1	2	2	1	3	2	2	0	2	0	2	1	2	1	2	3	3	1	1	8	3	1	1	2	1	2	1	2	3	8	2	1	6	0	1	1	2	1	1	1	1	1	1	0	1	1	3	1	1	2	2	1	1	1	1	1	1	3	1	3	1	1	1	1	1	1	1	1	3	1	2	0	1	1	1	1	1	1	2	1	1	1
triNic	2447	455	787	140	1	34	4	7	0	7	1	37	2	2	36	19	2	8	5	1	2	6	6	5	1	10	3	7	31	2	8	3	5	1	1	3	1	2	5	3	2	3	4	1	2	3	1	1	1	2	2	4	1	1	3	4	1	13	0	3	4	3	1	5	3	8	1	1	0	2	1	2	2	3	1	0	3	3	2	3	3	3	1	2	4	4	0	1	0	5	1	2	6	3	2	1	6	1	4	2	1	1	1	1	1	1	1	2	2	1	4	2	2	1	2	0	1	2	1	1	1	3	1	1	2	8	2	1	1	2	1	1	1	1	3	8	2	2	7	0	1	2	1	1	1	1	1	1	1	0	1	1	2	1	1	2	1	1	1	1	1	1	1	3	1	3	1	1	1	1	1	1	1	1	3	1	2	0	1	1	1	2	1	1	2	1	1	1
triPer	9401	2807	822	959	1	23	4	11	1	7	2	136	1	3	32	17	3	9	3	2	4	5	3	1	3	11	1	6	35	1	8	3	5	5	1	3	2	1	6	1	1	3	4	2	2	3	2	1	1	1	1	4	1	1	2	6	2	12	4	3	7	3	1	6	3	4	1	1	2	2	2	2	2	2	1	1	2	2	2	4	4	3	2	4	5	3	0	1	1	6	1	1	6	1	2	1	7	1	3	1	1	1	2	1	1	1	1	2	2	1	3	2	2	0	2	0	3	1	0	1	1	3	2	1	3	9	3	2	2	2	2	0	2	1	3	9	1	1	6	0	1	1	1	1	1	1	1	1	1	1	1	1	2	2	1	1	1	1	1	1	1	1	1	4	1	3	1	1	1	1	1	1	1	1	3	1	2	0	1	2	1	1	1	1	2	1	1	1
uroBil	2935	481	672	278	1	40	3	16	0	11	3	32	3	1	36	29	1	8	2	1	1	6	8	2	1	10	1	9	29	2	8	3	4	6	1	2	1	2	7	1	2	1	4	2	3	3	1	1	1	3	1	3	0	2	4	3	1	12	0	4	4	3	2	5	3	4	5	1	0	2	2	3	2	4	1	1	2	3	2	4	3	4	1	1	4	2	0	1	0	5	3	1	5	2	2	1	6	1	3	2	0	2	1	1	1	1	2	2	2	1	3	3	3	0	2	0	2	1	1	1	2	3	1	1	1	8	2	1	1	2	1	1	1	2	4	8	0	1	7	0	1	1	1	2	3	2	1	1	1	0	1	1	3	1	2	2	2	1	1	2	1	1	1	3	1	3	1	1	1	1	1	1	1	1	3	1	2	0	1	1	1	1	1	1	3	1	1	1
vamThy	3266	608	667	278	1	38	2	142	0	15	2	32	1	1	32	19	2	12	5	1	1	6	6	2	1	7	44	10	29	2	8	3	3	1	3	3	1	1	5	1	1	2	4	5	16	3	2	1	1	2	1	6	0	1	2	4	0	13	1	3	4	2	1	5	3	4	2	1	1	2	1	3	2	4	1	0	2	2	2	3	6	3	1	2	4	2	0	0	0	5	3	1	5	2	2	1	8	1	3	2	0	1	2	1	2	3	1	2	3	1	3	2	2	1	2	0	2	1	3	2	2	3	2	2	1	8	2	2	1	3	1	2	1	2	4	8	0	1	7	0	1	1	2	1	3	1	1	1	1	0	1	1	3	1	1	1	2	1	1	2	1	1	1	3	1	3	1	3	1	1	1	1	1	1	3	1	2	0	1	1	1	1	1	1	2	1	1	1
vesMur	2554	987	468	201	1	94	4	12	1	26	5	10	2	2	26	17	5	14	4	0	10	6	5	4	5	7	1	10	29	1	8	5	9	1	3	3	1	2	8	5	2	3	6	3	2	7	5	1	1	6	1	4	3	8	0	6	1	16	0	7	3	3	1	4	6	6	1	3	1	2	1	2	4	3	1	1	4	5	2	4	4	3	3	1	5	2	1	1	1	6	4	1	6	2	3	3	6	1	3	1	1	2	1	1	1	1	2	2	3	1	3	2	5	0	1	0	1	1	0	0	2	4	1	1	2	7	2	1	5	2	1	1	1	1	3	9	1	1	6	0	0	1	3	1	1	1	1	0	0	1	1	1	2	1	2	1	1	1	1	1	1	1	2	3	2	3	1	1	0	1	1	1	1	1	3	1	2	0	1	1	2	1	1	1	2	1	1	1
mm39	13260	3441	25	552	1	51	2	21	1	10	1	4	1	2	4	3	2	11	11	3	1	6	7	3	2	4	1	1	24	1	8	2	8	8	25	3	1	0	3	1	4	1	4	1	1	10	1	1	1	1	1	4	1	2	2	3	2	12	2	3	5	2	1	7	6	4	1	1	2	1	1	3	2	2	2	2	2	2	2	3	6	4	0	2	4	2	1	2	0	4	1	1	5	2	2	1	6	1	3	3	0	1	0	1	6	1	0	0	3	1	3	2	2	1	1	1	3	2	1	0	1	3	1	1	1	8	2	1	1	2	1	1	2	1	3	8	1	1	6	1	1	1	1	1	1	1	2	1	0	1	1	0	1	1	2	1	1	1	1	1	1	1	2	3	1	3	1	2	1	1	1	1	2	1	4	1	2	0	1	1	1	1	1	0	2	1	1	1

